0 2.156 3.667
1 3.333 3.867
2 2.222 3.644
3 2.444 3.444
4 2.533 3.556
5 3.222 3.089
6 3.044 3.511
7 2.467 3.111
8 2.600 3.178
9 3.022 3.356
10 2.911 3.778
11 2.822 3.489
12 2.378 3.400
13 2.511 3.289
14 2.578 3.556
15 2.578 3.467
16 3.067 3.489
17 2.578 3.467
18 2.022 3.644
19 3.000 3.578
20 3.756 3.467
21 2.889 3.622
22 1.978 3.067
23 2.733 3.289
24 2.956 3.533
25 2.489 3.400
26 3.422 3.311
27 2.400 3.356
28 2.000 3.467
29 2.733 3.422
30 2.422 3.111
31 2.689 3.511
32 3.333 3.622
33 2.356 3.511
34 2.956 3.622
35 3.333 3.311
36 3.444 4.067
37 2.778 3.533
38 2.756 3.422
39 2.644 3.556
40 3.222 3.378
41 3.000 3.244
42 2.444 3.311
43 2.444 3.578
44 2.756 3.711
45 2.867 3.311
46 2.178 3.578
47 3.156 3.378
48 2.733 3.511
49 2.622 3.556
50 3.778 3.778
51 3.222 3.400
52 2.956 3.600
53 2.911 3.111
54 2.667 3.333
55 2.956 3.644
56 3.156 3.244
58 3.022 3.711
59 3.267 3.733
60 3.556 3.733
61 2.756 3.489
62 3.444 3.556
63 2.444 3.378
64 3.622 3.333
65 2.689 3.511
66 2.444 3.489
67 2.489 3.600
68 2.222 3.467
69 2.178 3.333
70 1.844 3.311
71 3.311 3.556
72 3.133 3.622
73 2.756 3.222
74 3.267 3.644
75 3.400 3.356
76 1.956 3.622
77 1.889 3.378
78 2.933 3.311
79 2.133 3.756
80 3.444 3.400
81 3.511 3.622
82 2.289 3.467
83 3.289 3.267
84 2.978 3.244
85 3.467 3.378
86 2.800 3.178
87 2.956 3.200
88 3.244 3.556
89 3.000 3.489
90 3.000 3.356
91 2.400 3.289
93 3.133 3.711
94 3.289 3.733
95 2.333 3.356
96 3.844 3.356
97 3.489 3.889
98 3.267 3.422
99 3.178 3.400
100 2.489 3.178
101 2.933 2.978
102 2.556 3.733
103 2.622 3.378
104 2.356 3.311
105 3.578 3.733
106 2.689 3.067
107 3.533 3.578
108 3.911 3.200
109 3.578 3.444
110 3.867 3.422
111 2.956 3.089
112 3.244 3.267
113 1.978 3.578
114 2.044 3.556
115 2.978 3.489
116 3.000 3.689
117 3.200 3.311
118 3.756 3.467
119 2.267 3.533
120 2.978 3.267
121 3.533 3.533
122 3.044 3.222
123 2.000 3.711
124 2.400 3.156
125 2.489 3.400
126 3.689 3.422
127 3.444 3.644
128 2.511 3.600
129 3.444 3.311
130 2.356 3.578
131 2.844 3.333
132 3.467 3.533
133 2.467 3.600
134 3.444 3.222
135 3.622 3.644
136 3.200 3.622
137 4.089 3.333
138 3.578 3.733
139 2.822 3.422
140 2.444 3.511
141 2.267 3.711
142 2.844 3.333
143 2.356 3.533
144 2.644 3.622
145 3.578 3.600
146 2.733 3.378
147 3.133 3.400
148 3.644 3.444
149 3.578 3.711
150 2.600 3.600
151 3.289 3.089
152 3.800 3.378
153 3.511 3.422
154 3.467 3.511
155 2.400 3.511
156 3.311 3.511
157 2.889 3.644
158 3.644 3.289
159 3.733 3.889
160 3.622 3.444
161 2.489 3.289
162 2.356 3.133
163 3.622 3.289
164 3.711 3.267
165 3.022 3.222
166 2.978 3.422
167 3.089 3.467
168 3.000 3.422
169 3.089 3.244
170 3.133 3.222
171 2.933 3.667
172 1.933 3.178
173 2.578 3.489
174 3.311 3.689
175 3.489 3.489
176 3.844 3.222
177 3.400 3.489
178 3.378 3.644
179 2.889 3.422
180 2.067 4.000
181 2.933 3.111
182 3.333 3.489
183 3.089 3.489
184 3.711 3.467
185 2.489 3.356
186 2.067 3.911
187 2.867 3.556
188 2.711 3.333
189 3.711 3.511
190 3.711 3.489
191 3.222 3.400
193 3.356 3.556
194 3.244 3.467
195 2.444 3.644
196 2.556 3.378
197 2.867 3.578
198 2.444 3.644
199 3.800 3.400
200 3.044 3.378
201 3.533 3.644
202 3.422 3.489
203 2.400 3.622
204 3.089 3.911
205 2.111 3.511
206 3.556 3.378
207 3.333 3.133
208 3.400 3.311
209 3.489 3.489
210 3.267 3.444
211 1.867 3.756
212 3.333 3.444
213 3.200 3.511
214 3.022 3.444
215 3.200 3.822
216 3.244 3.689
217 3.822 3.933
218 2.622 3.289
219 3.289 3.578
220 2.156 3.356
221 2.333 3.556
222 3.244 3.222
223 3.400 3.556
224 2.178 3.422
225 3.778 3.444
226 3.311 3.400
227 3.044 3.467
228 3.311 3.356
229 2.867 3.711
230 2.933 3.133
231 3.444 3.800
232 3.178 3.311
233 2.756 3.756
235 2.622 3.933
236 3.733 3.422
237 2.689 3.267
238 2.778 3.444
239 3.044 3.422
240 2.533 3.578
241 2.311 3.689
242 2.333 3.133
243 3.333 3.133
244 3.578 3.422
245 3.689 3.689
246 3.267 3.244
247 3.689 3.600
248 3.644 3.089
249 3.378 3.644
250 2.933 3.444
251 3.244 3.756
252 3.600 3.422
253 3.133 3.822
254 3.289 3.222
255 3.156 3.244
256 3.711 3.267
257 3.289 3.400
258 3.022 3.489
259 2.911 3.022
260 2.689 3.756
261 2.711 3.778
262 3.222 3.489
263 3.378 3.756
264 3.778 3.311
265 3.222 3.311
266 3.067 3.356
267 3.467 3.600
268 2.378 3.311
269 3.711 3.733
270 1.933 3.267
271 3.778 3.511
272 2.378 3.533
273 3.178 3.133
274 2.800 3.644
275 2.889 3.556
276 3.178 3.844
277 2.822 3.511
278 2.844 3.533
279 3.244 3.467
280 3.533 3.533
281 3.244 3.467
282 2.644 3.533
283 3.156 3.089
284 3.244 3.444
285 3.133 3.578
286 3.356 3.600
287 3.422 3.067
288 2.378 3.378
289 2.933 3.467
290 3.467 3.378
291 2.578 3.667
292 2.067 3.489
293 3.600 3.067
294 3.444 3.889
295 3.089 3.667
296 3.978 3.000
297 2.956 3.156
298 3.933 3.644
299 3.533 3.422
300 3.178 3.756
301 1.978 3.467
302 3.022 3.267
303 3.511 3.578
304 3.111 3.289
305 2.978 3.422
306 3.378 3.400
307 3.667 3.267
308 3.178 3.133
309 3.244 3.289
310 3.289 3.489
311 2.889 3.356
312 3.222 3.333
313 3.556 3.667
314 3.067 3.356
315 3.089 3.400
316 2.600 3.222
317 3.200 3.444
318 3.044 3.489
319 2.289 3.400
320 3.444 3.333
321 2.356 3.556
322 2.400 3.400
323 2.733 3.867
324 2.778 3.733
325 3.378 3.578
326 3.311 3.178
327 3.333 3.200
328 3.067 3.422
329 2.733 3.133
330 2.889 3.311
331 3.533 3.333
332 3.422 3.622
333 3.311 3.556
334 3.289 3.800
335 3.467 3.511
336 2.844 3.089
337 3.133 3.222
338 3.511 3.333
339 3.222 3.467
340 3.244 3.711
341 3.067 3.267
342 2.733 3.044
343 2.956 3.644
344 2.556 3.533
345 3.178 3.356
346 3.578 3.600
347 3.489 3.756
348 2.000 3.400
349 3.400 3.400
350 3.244 3.711
351 3.378 3.644
352 3.556 3.911
353 3.844 3.289
354 2.622 3.644
355 3.200 3.333
356 3.044 3.267
357 3.422 3.267
358 3.556 3.178
359 3.822 3.400
360 3.333 3.511
361 3.222 3.244
362 2.533 3.311
363 3.222 3.267
364 3.600 3.356
365 3.578 3.667
366 3.533 3.689
367 3.667 3.444
368 3.000 3.533
369 2.022 3.667
370 3.444 3.378
371 3.844 3.289
372 2.978 3.511
373 2.444 3.644
374 3.089 3.600
375 3.444 3.200
376 2.822 3.333
377 3.622 2.822
378 3.289 3.400
379 3.800 3.422
380 2.089 3.200
381 2.822 3.156
382 3.533 3.400
383 2.489 3.511
384 2.178 3.000
385 3.311 3.622
386 2.956 3.378
387 3.644 3.578
388 2.556 3.378
389 3.133 3.333
390 3.067 3.733
391 2.778 3.733
392 3.422 3.444
393 3.089 3.622
394 2.600 3.644
395 3.578 3.444
396 3.200 3.556
397 3.444 3.756
398 3.667 2.956
399 3.422 3.511
400 3.156 3.467
401 3.800 3.711
402 2.222 3.222
403 3.156 3.511
404 2.756 3.667
405 3.356 3.578
406 3.733 3.600
407 3.489 3.444
408 2.800 3.756
409 3.622 3.533
410 3.756 3.333
411 2.044 3.067
412 2.511 3.533
413 3.156 3.600
414 3.289 3.511
415 3.111 3.267
416 3.400 3.333
417 3.511 3.400
418 2.956 3.333
419 2.156 3.244
420 2.822 3.422
421 3.067 3.400
422 3.600 3.444
423 3.444 3.156
424 3.444 3.600
425 2.222 3.578
426 3.222 3.867
427 2.756 3.400
428 3.733 3.444
429 3.111 3.600
430 2.000 3.178
432 2.822 3.111
433 2.911 3.289
434 2.889 3.111
435 3.489 3.667
436 2.889 3.511
437 3.867 3.333
438 3.378 3.778
439 3.889 3.689
440 3.556 3.156
441 3.356 3.489
442 3.222 3.844
443 2.756 3.489
444 2.644 3.467
445 2.800 3.156
446 3.378 3.267
447 2.511 3.578
448 3.200 3.311
449 3.178 3.533
450 3.533 3.889
451 3.022 3.422
452 3.422 3.333
453 3.356 3.378
454 2.556 3.578
455 3.533 3.444
456 3.644 3.422
457 1.933 3.533
458 2.756 3.178
459 2.844 3.578
460 3.800 3.111
461 2.733 3.378
462 3.044 3.667
463 2.889 3.533
464 2.200 3.689
465 3.067 3.689
466 3.822 3.044
467 3.644 3.689
468 2.622 3.467
469 2.800 3.356
470 2.289 3.467
471 3.022 3.689
472 2.956 3.444
473 2.911 3.356
474 2.956 3.267
475 3.467 3.089
476 3.044 3.511
477 3.556 3.156
478 3.511 3.400
479 3.222 3.356
480 2.600 3.378
481 3.578 3.667
482 4.200 3.822
483 3.667 3.644
484 3.156 3.644
485 3.044 3.644
486 2.333 3.489
487 2.622 3.933
488 1.978 3.533
490 2.933 3.444
491 2.800 3.533
492 4.244 3.222
494 2.756 3.511
495 3.378 3.400
496 3.289 3.933
497 3.711 3.822
498 2.933 3.733
499 3.711 3.578
500 3.178 3.622
501 2.867 3.467
502 3.444 3.733
503 3.422 3.356
504 3.222 3.311
505 3.867 3.244
506 2.622 3.733
507 3.644 3.311
508 3.378 3.622
509 2.978 3.333
510 2.600 3.311
511 3.422 3.311
512 2.956 3.489
513 2.356 3.022
514 3.400 3.556
515 3.467 3.444
516 3.778 3.533
517 3.667 3.133
518 3.044 3.600
519 3.289 3.333
520 3.644 3.622
521 3.556 3.644
522 3.689 3.289
523 2.600 3.289
524 3.378 3.378
525 3.111 3.711
526 2.222 3.333
527 3.711 3.356
528 3.600 3.533
529 3.200 3.711
530 2.889 3.222
531 1.756 3.378
532 3.222 3.267
533 3.800 3.600
534 3.111 3.222
535 3.133 3.378
536 2.956 3.822
537 2.978 3.356
538 2.911 3.333
539 2.911 3.533
540 2.244 3.222
541 3.711 3.933
542 3.222 3.556
543 2.778 3.822
544 2.222 3.356
545 3.511 3.844
546 3.422 3.467
547 2.756 3.400
548 2.667 3.289
549 3.244 3.711
550 2.533 3.311
551 3.378 3.311
552 3.578 3.467
553 3.022 3.400
554 3.422 3.467
555 2.667 3.733
556 2.844 3.222
557 2.578 3.689
558 3.444 3.667
559 3.467 3.533
560 2.333 3.289
561 3.422 3.311
562 3.067 3.800
563 2.533 3.644
564 2.689 3.356
565 3.178 3.178
566 3.200 3.778
567 2.800 3.578
568 2.889 3.400
569 2.133 3.889
570 2.467 3.356
571 2.467 3.444
572 3.711 3.733
573 3.533 3.356
574 3.311 3.489
575 2.756 3.467
576 3.444 3.889
577 3.000 3.200
578 3.000 3.511
579 2.689 3.400
580 3.600 3.222
581 3.356 3.444
582 2.600 3.244
583 2.378 3.667
584 3.133 3.733
585 3.200 3.489
586 3.000 3.400
587 2.733 3.311
588 4.111 3.356
589 3.178 3.000
590 2.978 3.311
591 3.156 3.444
592 3.444 3.467
593 3.356 3.489
594 2.711 3.267
595 3.000 3.533
596 3.378 3.911
597 3.133 3.533
598 3.400 3.400
599 3.578 3.422
600 3.200 3.556
601 2.378 3.733
602 3.578 3.200
603 2.867 3.644
604 3.156 3.711
605 3.333 3.222
606 2.444 3.156
607 2.756 3.467
608 2.511 3.000
609 2.667 3.756
610 2.978 3.578
611 3.289 3.511
612 3.689 3.267
613 3.578 3.533
614 3.022 3.711
615 3.178 3.978
616 3.467 3.378
617 2.356 3.622
618 2.422 3.511
619 2.267 3.467
620 3.067 3.778
621 2.578 3.600
622 3.022 3.578
623 3.444 3.467
624 2.756 3.756
625 2.733 3.289
626 3.400 3.511
627 2.533 3.111
628 2.756 3.467
629 3.311 3.356
630 2.578 3.422
631 2.822 3.333
632 3.800 3.356
633 3.244 3.089
634 3.044 3.578
635 2.889 3.467
636 2.667 3.467
637 3.044 3.333
638 3.044 3.711
639 3.222 3.222
640 2.822 3.511
641 3.400 3.289
642 3.444 3.556
643 3.333 3.178
644 3.489 3.311
645 3.067 3.422
646 3.556 3.578
647 2.533 3.556
648 3.067 3.289
649 3.000 3.600
650 3.378 3.711
652 2.089 3.244
653 3.022 3.422
654 3.733 3.689
655 2.667 3.222
657 3.378 3.822
658 2.556 3.378
659 3.289 3.244
660 2.778 3.622
661 3.844 3.156
662 3.267 3.133
663 2.889 3.444
664 3.533 3.511
665 2.578 3.667
666 3.600 3.489
667 2.600 3.178
668 3.067 3.289
669 3.333 3.622
670 3.156 3.556
671 3.200 3.289
672 3.289 3.311
673 2.689 3.533
674 3.111 3.444
675 2.711 3.333
676 3.667 3.333
677 3.289 3.400
678 2.556 3.222
679 3.044 3.511
680 3.667 3.533
681 3.133 3.222
682 2.400 3.356
683 3.244 3.289
684 3.133 3.622
685 3.711 3.089
686 3.667 3.400
687 3.956 3.533
688 2.756 3.378
689 2.422 3.311
690 3.622 3.756
691 2.311 3.244
692 3.311 3.511
693 2.422 3.644
694 2.711 3.244
695 3.200 3.378
696 2.978 3.600
697 3.756 3.644
699 3.689 3.022
700 2.467 3.422
701 3.067 3.267
702 3.044 3.244
703 3.356 3.533
704 2.667 3.022
705 3.600 3.422
706 3.689 3.689
707 3.378 3.244
708 3.489 3.756
709 3.356 3.378
710 3.711 3.356
711 3.689 3.222
712 3.467 3.267
713 2.822 3.533
714 2.711 3.289
715 2.356 3.778
716 3.311 3.489
717 3.333 3.467
719 3.400 3.489
720 2.867 3.444
721 3.533 3.533
722 2.667 3.400
723 3.267 3.600
724 3.244 3.600
725 3.111 3.022
726 2.644 3.667
727 3.311 3.533
728 3.511 3.578
729 3.800 3.667
730 3.333 3.200
731 4.089 3.600
732 2.644 2.933
733 3.578 3.511
734 3.644 3.044
735 3.333 3.333
736 3.933 3.311
737 3.111 3.511
738 3.467 3.289
739 2.889 3.267
740 3.667 3.422
741 2.444 3.511
742 2.756 3.422
743 3.800 3.222
744 3.978 3.111
745 2.889 3.378
746 3.067 3.444
747 3.600 3.444
748 3.689 3.289
749 3.444 3.356
750 3.689 3.667
751 3.778 3.444
752 3.822 3.311
753 3.000 3.444
754 2.511 3.378
755 3.222 3.756
756 3.200 3.444
757 3.111 3.556
758 3.378 3.356
759 1.844 3.622
760 2.733 3.844
761 3.356 3.378
762 2.578 3.289
763 3.222 3.311
764 3.067 3.778
765 3.333 3.578
766 3.578 3.222
767 3.289 3.489
768 2.578 3.778
769 3.022 3.267
770 2.911 3.733
771 3.933 3.289
772 3.089 3.511
773 3.756 3.644
774 3.089 3.644
775 3.067 3.600
776 2.889 3.200
777 3.378 3.022
778 3.000 3.333
779 2.844 3.889
780 3.156 3.200
781 2.689 3.867
782 3.400 3.333
783 2.600 3.333
784 2.933 3.489
785 2.933 3.311
786 3.667 3.711
787 3.089 3.511
788 2.933 3.756
789 3.267 3.356
790 3.067 3.422
791 4.022 3.311
792 3.022 3.444
793 2.911 3.800
794 3.644 3.333
795 3.444 3.467
796 3.600 3.222
797 2.889 3.400
798 3.489 3.711
799 3.356 3.778
800 3.067 3.400
801 3.822 3.689
802 3.622 4.178
803 2.867 3.444
804 3.422 3.356
805 2.978 3.289
806 3.200 3.800
807 2.889 3.133
808 2.911 3.711
809 2.667 4.067
810 2.533 3.800
811 3.044 3.711
812 3.044 3.289
813 3.067 3.711
814 2.822 3.556
815 2.933 3.222
816 3.178 3.111
817 2.956 3.444
818 3.067 3.600
819 3.222 3.778
820 2.844 3.689
821 3.356 3.178
822 2.933 3.289
823 3.733 3.267
824 2.600 3.244
825 2.689 3.600
826 2.933 3.533
827 2.956 3.578
828 3.533 3.533
829 3.267 3.356
830 3.756 3.378
831 3.378 3.422
832 3.333 3.378
833 1.956 3.578
834 2.956 3.133
835 3.533 3.200
836 2.756 3.289
837 3.289 3.444
838 2.844 3.778
839 2.844 3.378
840 3.311 3.467
841 3.467 3.444
842 3.733 3.733
843 2.933 3.178
844 3.556 3.489
845 3.289 3.444
846 3.467 3.689
847 2.600 3.422
848 3.267 3.667
849 2.733 3.489
850 2.444 3.289
851 3.311 3.711
852 2.089 3.089
853 2.400 3.756
854 2.667 3.178
855 3.644 3.622
856 2.844 3.244
857 3.422 3.756
858 3.400 3.289
859 3.622 3.533
860 3.867 3.467
861 3.044 3.933
862 3.400 3.289
863 2.711 3.467
864 3.489 3.333
865 3.267 3.667
866 3.933 3.689
867 3.578 3.244
868 3.556 3.178
869 3.222 3.422
870 3.467 3.133
871 3.622 3.400
872 3.444 3.467
873 3.622 3.667
874 3.178 3.467
875 3.000 3.333
876 2.800 3.378
877 3.044 3.489
878 3.289 3.111
879 3.511 3.578
880 2.933 3.244
881 3.200 3.511
882 3.378 3.489
883 2.622 3.778
885 2.956 3.511
886 3.689 3.733
887 3.467 3.489
888 3.244 3.444
889 2.933 3.489
890 3.067 3.644
891 3.022 3.178
892 3.422 3.667
893 2.511 3.289
894 2.378 3.444
895 3.089 3.667
896 3.467 3.400
897 3.467 3.578
898 3.400 3.311
899 3.089 3.511
900 3.044 3.378
901 3.533 3.378
902 2.689 3.422
903 3.533 3.267
904 3.289 3.467
905 3.400 3.289
906 2.889 3.489
907 2.800 3.222
908 3.156 3.556
909 2.222 3.422
910 3.889 3.311
911 3.400 3.467
912 3.622 3.356
913 3.311 3.689
914 3.533 3.400
915 3.333 3.089
916 3.444 3.244
917 3.267 3.556
918 3.289 3.644
919 3.489 3.578
920 3.067 3.333
921 3.156 3.711
922 3.489 3.511
923 3.156 3.244
924 2.911 3.711
925 3.222 3.311
926 2.600 3.667
927 3.889 3.489
928 3.689 3.422
929 3.467 3.422
930 2.933 3.667
931 3.600 3.356
932 3.333 3.178
933 3.156 3.089
935 2.600 3.378
936 3.356 3.356
937 2.733 3.556
938 4.089 3.644
939 3.822 3.622
940 2.978 3.333
941 2.911 3.333
942 2.956 2.978
943 2.333 3.422
944 3.600 3.644
945 3.689 3.556
946 3.556 3.156
947 3.222 3.333
948 3.578 3.444
949 3.533 3.311
950 3.467 3.644
951 3.578 3.489
952 3.111 3.200
953 3.667 3.467
954 3.511 3.311
955 3.378 3.378
956 3.911 3.222
957 3.444 3.533
958 3.022 3.400
959 2.311 3.511
960 3.511 3.378
961 3.756 3.556
962 3.889 3.667
963 2.289 3.600
964 2.622 3.733
965 2.489 3.733
966 3.200 3.844
967 3.289 3.111
968 3.133 3.244
969 3.600 3.889
970 3.867 3.244
971 2.667 3.333
972 3.267 3.200
973 2.756 3.622
974 3.222 3.711
975 3.222 3.200
976 3.511 3.467
977 3.711 3.200
978 4.022 3.311
979 2.867 3.711
980 2.778 3.667
981 2.267 3.333
982 3.022 3.467
983 3.156 3.689
984 3.556 3.422
985 1.933 3.422
986 2.956 3.289
987 3.244 3.600
988 3.400 3.000
989 3.267 3.400
990 3.311 3.444
991 3.467 3.311
992 3.667 3.933
993 2.244 3.444
994 2.778 3.356
995 2.889 3.356
996 2.600 3.511
997 3.178 3.356
998 3.467 3.800
999 3.511 3.378