0 4360 14400 14799.2 27986
1 78 31534 71198.2 398517
2 623 12588 45245.1 379216
3 896 20913 22096.8 65870
4 129 24245 33653.3 289586
5 339 29988 30070.9 57329
6 4457 21687 41366.2 512360
7 789 30050 49428.3 280580
8 480 31313 40902.7 384505
9 43 20587 19492.4 35484
10 2706 14833 43130.9 731116
11 435 11395 20692.9 72342
12 4538 17090 23576.5 68693
13 862 24323 31372.9 92788
14 89 13556 21838.5 368326
15 2256 22090 38721.9 193419
16 793 15298 24796.9 74070
17 269 17933 49427.3 205614
18 641 37377 79271.2 1157759
19 101 11537 12942.7 28350
20 155 13227 13190.8 22689
21 106 13812 35863.1 420564
22 206 27953 89636.2 585760
23 604 29366 38284.0 135509
24 3037 19124 27209.4 207706
25 130 27526 26676.6 60924
26 375 31971 31491.8 74808
27 96 15718 18113.4 44672
28 5327 27785 28462.7 66426
29 108 13359 14182.8 34866
30 362 42600 43620.6 150227
31 151 14376 16084.9 35608
32 2201 17020 66704.6 300045
33 2296 18882 25860.6 342392
34 2976 20553 18787.9 43501
35 115 26855 43192.3 427386
36 65 11490 54806.3 441664
37 133 17543 37389.1 144325
38 308 24185 25388.3 71480
39 5082 13973 16713.9 38027
40 3717 23170 33471.7 118528
41 5642 23947 25127.8 53244
42 208 23464 22393.8 56490
43 4823 15439 15251.4 28740
44 106 14007 15691.2 131852
45 77 28680 30978.0 68604
46 3986 16530 21994.2 233187
47 751 16132 29165.2 109542
48 2559 20866 19222.5 41428
49 364 19525 52241.3 307212
50 2397 10002 9770.9 23594
51 150 25493 23415.0 50639
52 2383 19847 24864.5 77923
53 130 29324 35246.3 91432
54 860 29597 52886.1 185146
55 2005 18651 33938.0 366367
56 459 43253 58804.4 184252
58 136 11262 16050.5 91656
59 5674 24975 81753.1 882051
60 1973 10193 11251.4 25547
61 186 15562 20836.5 63848
62 3680 13066 14607.6 32046
63 6482 34499 41486.2 365715
64 161 20078 20963.1 48435
65 378 14832 17339.0 40425
66 3006 28396 47639.4 155578
67 113 11523 21654.4 211013
68 77 25288 24468.9 48579
69 210 32543 60363.5 145212
70 229 21993 22279.8 43294
71 1248 17307 19878.3 48847
72 4576 18289 32277.3 364987
73 55 20955 20021.8 40732
74 8254 27705 137754.4 1610429
75 307 17249 19126.4 47890
76 188 17657 24535.1 318945
77 74 19209 18950.7 35744
78 57 22235 38889.9 149895
79 426 20526 66476.2 502378
80 82 24163 30459.2 75936
81 109 12264 40899.6 314665
82 3701 22070 51929.3 432002
83 309 24144 23768.4 42433
84 86 23614 22724.8 48189
85 162 20849 19829.4 41149
86 773 37839 48624.7 160854
87 370 79507 80442.4 258763
88 277 13788 17096.2 46085
89 50 15966 24696.0 297777
90 98 19625 20076.8 45984
91 1725 34466 59160.0 170865
93 3580 10528 21232.6 265222
94 618 19394 46072.3 328999
95 276 25535 37203.6 128044
96 1535 26729 55348.1 242627
97 371 15910 59423.6 681259
98 3447 23607 42942.4 151309
99 82 16157 18988.7 47768
100 464 29525 51086.4 178936
101 403 38708 41900.1 147787
102 346 24669 81666.6 1002886
103 405 17394 36507.0 348218
104 1649 31175 48813.0 181799
105 727 22538 53224.6 525747
106 1689 36899 51115.0 214049
107 5899 14560 23934.8 370852
108 283 31371 51471.9 191685
109 3096 19883 21394.1 49116
110 3742 15891 20137.0 56745
111 161 31887 29418.6 48187
112 165 22052 25188.6 57306
113 427 25815 33712.6 384588
114 5273 16233 17601.4 39233
115 3584 23293 34893.7 334697
116 71 28244 137133.2 1572728
117 510 18225 28798.8 81260
118 7622 18747 20607.7 36874
119 91 18905 23347.7 191424
120 85 18260 38100.6 773550
121 1625 48249 68858.4 232307
122 86 29557 30357.1 63707
123 2438 21996 34522.7 247990
124 355 33425 37125.3 107337
125 58 23592 27121.8 64793
126 6154 19854 21667.3 45817
127 213 14507 21917.8 299832
128 110 21431 60414.7 660637
129 8426 35595 55028.8 179682
130 3542 14478 25001.5 379996
131 64 21273 19901.5 41737
132 2815 20716 29987.5 90079
133 3019 13434 27919.0 305932
134 627 37750 35470.3 80389
135 82 10492 21098.4 371558
136 492 15062 33437.9 217193
137 119 23997 28781.1 77087
138 104 9707 10494.4 29721
139 6044 43742 71643.3 840492
140 203 11966 15971.1 46692
141 1934 14806 24804.0 104975
142 414 20488 31718.1 111903
143 70 25292 31329.4 358922
144 621 13223 55613.6 351767
145 1710 22750 34807.1 396724
146 983 14681 41513.8 181935
147 816 22902 33620.4 106821
148 426 36292 43142.9 152084
149 1735 9310 29895.7 320612
150 5671 24011 44194.5 154943
151 116 35740 56788.6 195295
152 765 16730 23657.6 75775
153 5295 19652 24793.8 63652
154 183 21988 53827.8 501769
155 4980 11726 13430.3 32099
156 62 24636 26106.4 60789
157 230 14430 18539.6 98559
158 250 25697 23713.4 62566
159 3743 14786 58245.1 728664
160 6313 28514 53265.1 455453
161 383 18374 38340.8 146327
162 102 22712 40093.0 120665
163 259 22594 30493.2 84345
164 348 23015 25599.8 57921
165 217 18512 61314.3 199998
166 1888 24589 24061.0 43157
167 543 25268 26219.0 60870
168 4043 15578 21103.0 56584
169 68 22100 70339.8 294736
170 122 19557 25892.2 75287
171 2366 19153 39402.6 317478
172 528 29153 39999.4 112354
173 2133 14238 43613.7 524130
174 1916 7231 15429.4 271373
175 163 19723 19032.4 43923
176 133 30588 28471.6 73578
177 2401 25969 38429.0 255731
178 506 15654 23204.8 206042
179 614 23046 48257.6 181779
180 732 26467 115585.8 1081207
181 69 27617 52447.6 214271
182 121 24276 45719.4 251929
183 1594 25302 101847.9 439144
184 1240 15015 28466.5 109757
185 139 24564 25912.0 54149
186 714 24079 60325.2 670985
187 3267 14580 15560.8 37511
188 157 24246 36109.0 325020
189 164 28702 37671.8 250340
190 325 20511 43445.5 517088
191 156 14322 19364.5 68614
193 164 27669 38415.7 127591
194 166 17636 40852.6 154099
195 78 14190 20635.6 225091
196 560 36595 40481.6 146394
197 206 14179 32633.1 496481
198 2516 11894 17447.0 50932
199 67 18708 20256.3 45713
200 324 26672 46639.7 180857
201 875 36996 38934.0 178183
202 186 16954 18249.7 42713
203 2049 11397 15939.4 177256
204 169 9330 33666.1 397656
205 164 26021 32811.4 222573
206 156 19850 22747.8 54113
207 1016 16423 47885.8 200539
208 154 23749 25373.8 66486
209 500 25366 24043.9 53461
210 133 20310 28075.0 82480
211 2444 13476 19249.5 273552
212 208 24227 35218.5 307993
213 3274 23000 33656.9 312539
214 73 15119 16313.6 38922
215 4008 19369 37332.2 356307
216 1642 11291 34621.7 219586
217 2120 22604 39999.8 263307
218 71 15108 52188.8 165546
219 116 19913 29642.8 383814
220 82 27343 27346.4 54874
221 4322 14498 31527.1 316139
222 171 23839 38263.1 505514
223 3763 19394 27202.8 258605
224 395 25314 51784.7 401432
225 72 25030 40395.2 161731
226 845 31933 46137.9 522686
227 345 19852 42995.0 206391
228 165 25611 42487.8 140272
229 65 16929 23010.7 250025
230 91 23802 53655.6 209417
231 1235 12596 20051.6 141759
232 194 15947 18060.7 55031
233 2991 13760 27169.5 270191
235 2383 7845 46136.0 438207
236 337 27090 23774.4 54016
237 1331 14981 34667.8 156851
238 200 27287 40122.3 303304
239 230 19426 28048.9 57668
240 224 13645 35095.0 430224
241 2335 16260 31643.0 365746
242 167 30839 29454.1 56686
243 665 88393 77032.5 219988
244 275 14995 41965.0 173376
245 1377 11915 17736.0 164866
246 62 42246 66084.4 250389
247 2364 17321 17564.4 39790
248 172 27570 61618.4 189013
249 2219 16971 32246.0 390539
250 134 14172 19320.9 226716
251 132 13706 13493.1 28551
252 147 19450 34263.5 251777
253 184 15796 56903.5 429498
254 260 31393 34011.3 98038
255 332 36410 38236.2 92700
256 6721 18535 25509.0 67983
257 260 29314 34302.2 75494
258 4036 28461 75249.3 281818
259 79 48576 50611.4 144191
260 1143 11257 40133.7 164604
261 2243 11207 12416.2 30939
262 4847 23105 22637.5 41150
263 288 14301 31883.1 274348
264 270 32329 29781.7 54307
265 367 26366 31422.6 344260
266 475 18690 23301.3 69222
267 920 15346 16417.1 98771
268 1742 21198 40746.9 182273
269 281 16198 40357.2 172807
270 163 24724 26211.1 68426
271 296 30208 40554.1 469095
272 1222 15342 48448.0 421280
273 309 44896 43357.9 96962
274 3969 15291 32613.2 442613
275 196 19424 20974.5 51721
276 2343 13011 41604.0 185727
277 130 19655 47682.5 204368
278 95 27823 31927.2 186234
279 57 99044 131758.9 873814
280 268 30619 34468.5 171256
281 2695 16256 18128.8 139884
282 97 11174 16178.2 49529
283 72 29538 35385.3 105877
284 2801 12848 17069.8 44629
285 1871 17099 18678.2 44657
286 154 12984 17503.3 52639
287 136 34077 55282.7 217522
288 181 18402 46266.6 203265
289 142 24169 27761.9 77642
290 494 14653 24965.7 198266
291 262 17194 32720.0 247565
292 114 16777 22965.7 81756
293 404 26094 62659.7 284163
294 72 22223 92966.7 733948
295 700 19649 74697.8 662388
296 307 48397 55281.4 174031
297 914 30561 42676.7 148354
298 381 26357 58112.2 343371
299 408 14780 23845.6 84767
300 2815 13279 27283.5 594755
301 179 25091 43989.6 150238
302 108 17354 19620.7 56834
303 5060 13838 15925.7 36391
304 158 24963 29804.8 75860
305 152 27892 53894.2 417437
306 6032 23517 22891.8 38852
307 621 28123 31718.7 70828
308 163 30828 32147.7 72312
309 74 23468 26035.7 60975
310 135 20987 20706.5 36359
311 258 22196 28706.8 87496
312 338 27601 36345.0 142584
313 1608 13513 15608.3 39866
314 3063 22644 26671.9 66503
315 3115 25486 24515.0 57107
316 6625 23439 25666.1 55113
317 274 18595 21221.1 50359
318 469 30566 27795.1 86087
319 536 16761 24808.6 82330
320 586 17366 43432.4 211486
321 382 16236 20591.4 61217
322 271 30437 37061.6 245452
323 2477 8247 11510.8 32479
324 5303 15322 51046.8 643313
325 4455 16245 19114.1 52466
326 265 32220 39103.6 120332
327 106 20119 28597.2 81219
328 194 20768 33358.9 99608
329 284 24138 24699.7 51716
330 63 15371 24919.7 194875
331 88 25012 26032.8 55696
332 210 21228 55576.3 771171
333 314 24753 64900.4 179694
334 3349 13760 29011.3 300191
335 3147 17995 23456.8 74169
336 858 34784 41510.2 89211
337 9542 28492 28322.9 47633
338 58 24664 32273.9 85639
339 208 18498 18982.2 48087
340 1735 16333 46197.8 513404
341 211 36243 40434.0 369225
342 201 21192 47540.8 272033
343 261 13236 33356.6 125369
344 3514 24373 36797.2 277404
345 798 21781 39585.1 139331
346 217 23576 35793.4 435741
347 2894 19695 36832.2 324922
348 1273 24652 49009.7 253060
349 436 18417 24158.2 63114
350 2321 14781 21333.1 326929
351 405 25175 58127.0 391177
352 3353 9364 34846.6 409621
353 445 26964 30799.6 73036
354 3716 17975 19873.2 46584
355 254 22694 23995.8 40321
356 216 22980 22931.4 36860
357 111 26694 24389.0 46939
358 307 33915 60072.1 211076
359 3281 23914 25278.6 50276
360 146 18670 29389.5 90755
361 1233 21826 32168.5 126531
362 258 27446 55192.5 204428
363 8139 21553 40757.4 134772
364 124 29224 50100.3 194867
365 3861 10230 19833.3 113891
366 202 15793 20085.5 184346
367 2145 27491 26311.0 61535
368 5063 21892 20933.1 43348
369 3851 10821 29141.8 206058
370 650 15420 26121.6 64584
371 328 32341 30080.5 85900
372 156 16854 21096.8 63212
373 5590 13599 20458.0 57309
374 6355 16828 17627.4 37201
375 2002 26077 43665.9 184871
376 219 11144 20604.8 57880
377 123 24029 31277.9 167719
378 985 20502 24628.3 62805
379 59 23219 29911.7 75891
380 389 32097 38885.0 123860
381 187 25444 26544.9 67975
382 220 25905 37583.0 265767
383 171 18708 18040.2 34194
384 45 21409 25186.9 77616
385 142 16121 17193.2 43609
386 221 15668 17985.3 40852
387 4083 18749 32015.7 329856
388 1083 21143 26890.6 87416
389 1387 32541 43682.7 140774
390 86 12607 28777.6 314365
391 2617 20687 66753.7 814484
392 806 11117 22336.1 96871
393 3713 12922 13079.3 24193
394 380 8219 15155.6 54685
395 5595 22841 25253.1 60422
396 181 19329 19550.5 42237
397 2296 10019 11564.6 26303
398 229 52528 57770.3 151938
399 5270 27792 35161.1 195290
400 4628 13089 21649.3 66946
401 85 19612 38864.1 391867
402 116 26182 25649.6 53811
403 394 19979 59559.0 608979
404 209 10727 19577.9 131736
405 1961 19386 23504.9 68811
406 2997 15570 17866.9 40996
407 626 16580 43609.9 556685
408 1882 18914 76478.5 1220168
409 187 11448 13472.4 33493
410 59 15651 22095.4 66120
411 350 18497 48812.2 356751
412 4438 19827 19942.9 37457
413 367 17393 18624.1 41082
414 4736 16915 20819.1 52045
415 46 22644 20875.0 55568
416 95 21789 32145.6 340527
417 3015 28665 74828.4 329454
418 155 42802 41454.9 117881
419 728 20079 33371.3 85510
420 112 18149 39626.9 141909
421 229 22339 27229.2 83976
422 1960 22235 24223.0 55333
423 345 45199 56808.9 158315
424 177 17374 44209.7 316730
425 812 16342 26354.6 91439
426 1464 18539 37775.2 384592
427 308 44786 66533.0 421585
428 6475 24091 35178.7 102299
429 2854 17094 20811.4 112155
430 155 28117 31544.3 91643
432 493 50554 46563.4 103671
433 90 17476 43537.2 509256
434 692 16735 44794.6 295194
435 508 21294 36650.3 255330
436 1686 17695 16941.0 33964
437 4510 22600 26307.6 67786
438 1526 11455 24316.1 300986
439 2958 12464 17633.5 237566
440 356 30695 50830.9 233296
441 520 15430 21991.6 67059
442 2785 17451 33936.3 196835
443 869 13028 32927.7 138645
444 1381 23957 44289.8 159447
445 156 20709 35750.7 156811
446 116 24599 24097.9 46190
447 531 41684 76189.6 255355
448 4466 21209 31286.6 89229
449 135 22264 27138.0 255688
450 954 14290 43325.0 538216
451 1871 15361 40721.7 225482
452 4706 23667 59633.0 238727
453 260 21724 44163.2 160007
454 490 18366 32682.4 303435
455 272 26119 26159.3 61871
456 1322 23264 51287.1 257832
457 5165 14071 15286.3 31786
458 598 24085 83944.8 367633
459 2121 15288 27886.0 345908
460 170 36645 37358.6 103627
461 407 17113 19907.3 59662
462 5164 19883 44153.8 614066
463 2480 15407 47091.4 405637
464 3251 11074 11839.6 22496
465 1395 11818 29076.0 324503
466 120 33760 31533.5 75151
467 3000 17205 37593.9 137734
468 229 12252 14711.9 43830
469 459 9828 27771.8 96183
470 4768 16047 34570.6 341480
471 2948 13774 30735.7 444639
472 116 17179 20347.5 59159
473 74 15240 21002.9 59727
474 156 18607 33131.0 136001
475 250 28688 31479.8 82176
476 165 26484 57829.6 380901
477 128 56197 66317.8 209937
478 112 24950 33717.5 104336
479 5230 20354 41919.1 148724
480 1781 22143 53839.2 222564
481 721 10758 42880.5 280703
482 1283 11685 19904.2 168726
483 278 25775 43869.8 428046
484 177 14738 38517.7 299949
485 5015 12645 22425.5 72599
486 129 14256 29803.6 119768
487 48 13327 64037.1 657242
488 791 13791 20515.1 65341
490 4885 11035 13229.8 29661
491 255 13566 18481.5 43111
492 203 22128 25668.6 59311
494 65 22318 37377.1 385192
495 493 26418 30970.5 77867
496 1376 9982 27855.4 226062
497 2277 7480 35371.7 399932
498 163 24102 44885.6 319550
499 2335 19226 27668.6 312268
500 200 18023 26542.9 321025
501 5531 17015 41208.3 151607
502 111 19677 34967.1 394059
503 564 26198 33675.6 86570
504 78 14355 19851.5 56659
505 112 28435 52054.7 213456
506 1262 15500 54018.0 763107
507 81 24696 35911.9 112808
508 234 10571 14958.4 46166
509 289 25320 24513.1 47294
510 1376 12448 60110.5 278450
511 194 18741 21177.0 48846
512 78 19208 24159.8 62187
513 144 25247 45654.0 179826
514 2619 24462 30944.6 87584
515 248 21795 33643.3 103879
516 3401 21631 34802.2 458295
517 406 29754 34159.4 85633
518 2970 19991 45579.9 307586
519 316 31134 32547.3 62699
520 2206 22278 56311.4 236382
521 144 15497 45195.2 304970
522 336 20563 19738.0 37797
523 106 21123 29966.3 80563
524 153 20527 29723.2 69324
525 2918 7939 19145.0 333831
526 58 28597 67840.5 517928
527 379 23382 26301.5 65099
528 408 9273 26286.2 93799
529 54 22524 46116.5 411991
530 739 28227 42105.5 166476
531 1109 46666 40034.8 126688
532 1476 26272 38976.5 178926
533 59 12952 35826.3 141095
534 357 32585 32680.4 74313
535 108 26742 26244.4 47374
536 3487 20981 105640.9 787942
537 2251 12820 44466.1 204496
538 105 16996 42890.4 198235
539 106 24304 40934.4 137434
540 462 19539 37185.0 145125
541 2315 20886 52192.6 410722
542 3830 20572 21810.3 44439
543 1048 38228 95653.3 1321193
544 120 28205 31815.0 93275
545 1958 7580 12713.4 173264
546 111 15153 19597.6 230572
547 711 17578 23767.6 68299
548 828 21954 31806.0 91894
549 103 23114 33377.4 272431
550 1000 24044 29513.6 75970
551 150 23577 25519.9 55469
552 6211 17643 28554.6 373123
553 8157 21063 26250.2 63751
554 3998 20752 50539.2 266115
555 56 10687 21044.2 198329
556 708 30016 33366.0 94893
557 105 18261 41087.9 451345
558 1866 13289 17705.5 60655
559 66 10608 26404.9 114215
560 401 30569 33258.6 79464
561 278 22396 23175.4 49342
562 399 22227 79337.4 581540
563 4481 18996 62967.8 728805
564 57 25318 23453.4 46273
565 92 32977 57245.9 586895
566 1230 10282 31713.4 433163
567 2014 15828 34148.5 279402
568 4878 22195 23454.4 49253
569 3116 10735 28961.1 257280
570 70 18784 42157.0 169802
571 179 29771 34723.7 224271
572 4114 9749 9851.5 17036
573 357 58891 90225.5 1211246
574 3142 20313 21347.8 55981
575 619 21726 26513.4 73207
576 4378 19385 73635.3 693115
577 50 22523 24216.1 57778
578 4067 16450 31813.0 110477
579 89 18055 18314.2 34151
580 72 18314 29844.0 109051
581 1649 22493 47105.3 218108
582 260 15383 35298.1 149339
583 291 16646 33296.5 226507
584 128 10685 35732.3 415379
585 109 17621 20069.7 49023
586 96 18081 24597.9 177102
587 312 11766 11460.7 17534
588 156 26588 32999.2 115727
589 316 35804 35279.5 96651
590 8435 24918 42347.8 149477
591 148 28098 30636.1 170574
592 393 14388 30827.8 118937
593 730 17989 34713.6 111188
594 120 19236 24791.4 67526
595 2658 18248 18332.7 40811
596 1156 11075 28225.2 381196
597 3148 15493 24993.8 314538
598 397 11859 23922.7 63563
599 2663 44039 56087.3 178144
600 106 18609 36337.3 407161
601 110 10754 14798.1 224042
602 126 22202 21438.0 37656
603 3082 13918 25213.9 84770
604 1715 8853 17418.9 59865
605 410 35161 34935.3 61061
606 289 22622 30164.5 102177
607 395 18357 21748.2 64432
608 99 31644 39229.4 120073
609 83 13640 29689.3 502364
610 585 29578 40210.1 406364
611 312 14197 21831.4 51819
612 75 18398 20167.5 51441
613 3181 13334 41535.5 352820
614 216 18251 42406.4 443210
615 818 17139 67498.8 587122
616 44 28233 54357.3 486031
617 4104 14354 18466.4 56082
618 3908 29889 46585.1 144104
619 237 17089 30147.2 302975
620 2392 7901 28489.6 512160
621 738 32113 48835.6 649266
622 2821 14063 16518.2 48792
623 159 22945 40447.5 135528
624 55 16260 29547.8 235646
625 613 21788 45469.1 170666
626 267 17954 20956.1 58956
627 345 37651 62159.6 214486
628 174 23064 32723.0 148551
629 64 22862 22995.8 45870
630 1497 16733 49245.8 191809
631 48 34198 38946.5 294358
632 155 15608 19289.3 47701
633 221 24781 64150.4 281219
634 89 28276 60939.8 158624
635 417 23150 25750.9 144666
636 3393 21165 27245.6 76522
637 3089 24995 25965.6 51830
638 3579 16866 43494.8 565574
639 362 21774 43917.3 164567
640 3758 18471 18308.5 42871
641 3676 38723 51426.6 162214
642 54 17906 24954.2 320264
643 168 27604 37709.6 114091
644 82 19073 32308.8 125585
645 7721 19889 22197.8 42734
646 1945 14117 14436.9 26253
647 801 17942 36933.1 466431
648 1341 27041 40282.9 144514
649 1098 11342 41245.5 341601
650 2498 14104 25597.7 266569
652 122 18790 20841.6 51024
653 681 24716 48378.8 124560
654 1517 11496 11653.3 24544
655 407 17229 19437.8 46123
657 2073 14246 32215.0 249113
658 131 18469 20761.4 54242
659 349 20018 47930.9 230510
660 202 15763 47585.8 332250
661 229 23204 28848.5 70856
662 176 30132 36405.5 97555
663 4861 27260 62126.6 232656
664 405 20108 34185.8 373448
665 3169 15277 23088.0 278428
666 1738 15688 51940.6 383122
667 1269 19858 78751.2 251570
668 159 20112 21773.7 52373
669 462 23234 26663.0 177534
670 193 12881 28461.6 290723
671 155 29995 34184.6 91871
672 126 30465 67377.7 255162
673 101 22290 42233.6 149538
674 2904 26403 46454.1 165517
675 88 33577 47031.3 316682
676 705 9533 56317.4 201861
677 2599 19869 22415.0 59462
678 331 23920 26886.3 51329
679 225 25386 31116.2 236991
680 262 16751 23867.0 251949
681 479 37629 41443.6 96972
682 407 15567 17894.1 43079
683 198 28953 52064.1 521576
684 2071 17137 17150.6 36918
685 254 35018 34814.7 86177
686 581 18178 47160.5 181914
687 4592 35880 66280.5 434174
688 1517 20301 20207.2 40581
689 356 14930 39042.8 174932
690 99 9902 10673.3 21212
691 223 30055 29747.8 72474
692 83 22811 126861.5 769111
693 126 10478 11641.5 24316
694 686 23205 70720.8 555611
695 753 15932 18488.3 45285
696 2034 22521 49165.3 1021793
697 202 18726 55617.8 750763
699 76 20536 64173.9 667912
700 148 29743 31031.0 92626
701 51 21035 20754.2 48092
702 57 33951 37462.9 101000
703 5216 17809 28600.3 193608
704 108 23174 35361.4 135229
705 3078 27442 57532.9 342695
706 558 16999 54018.1 360400
707 6078 24208 24725.4 52280
708 459 33621 56205.0 650003
709 1097 16759 59370.7 267202
710 103 28827 27566.1 54873
711 114 23834 46907.9 182432
712 193 21387 29343.0 100763
713 108 17399 16798.1 29449
714 10619 33967 37013.6 71849
715 3006 12204 16394.4 42710
716 349 25864 24768.6 62137
717 2620 17030 23011.5 68966
719 101 16014 16451.2 40174
720 1098 14168 26815.2 111866
721 167 10436 23453.1 93854
722 3768 15815 22466.6 65016
723 3903 18980 24510.8 59983
724 401 20267 42187.0 803183
725 132 28925 37406.1 122191
726 228 19708 54714.1 538848
727 2744 16760 38237.4 747452
728 177 26230 65175.0 380717
729 2418 13757 13488.4 25170
730 203 38392 50556.9 144070
731 2894 14401 19214.4 108033
732 172 32003 46584.5 208415
733 71 15927 38747.6 335317
734 1322 51340 63192.8 184819
735 7513 36484 43958.2 119289
736 140 26497 25852.1 61751
737 1059 17248 39797.5 248969
738 803 16076 31587.4 120498
739 131 23320 45707.8 153103
740 980 40957 46488.7 545751
741 113 13328 19961.2 52846
742 1571 13533 27859.4 112727
743 49 18780 20233.5 51714
744 786 23382 37584.1 111867
745 175 19213 38652.3 130580
746 111 13850 57126.3 570443
747 1272 29154 28245.2 71993
748 312 24162 30033.6 67867
749 584 19846 20128.2 36913
750 4016 19990 88736.4 1305186
751 108 11039 17192.3 46633
752 358 34217 46435.2 140477
753 3774 18200 26558.3 82412
754 61 17450 17420.2 36531
755 75 26487 63781.0 842556
756 147 14842 15462.2 29477
757 167 18638 37387.4 384123
758 324 39969 50263.4 164163
759 129 9636 12435.8 30986
760 120 15977 96214.2 769024
761 72 28374 35382.4 158334
762 152 22208 54155.3 208853
763 178 16915 20856.7 46987
764 467 28437 78047.7 516686
765 4235 16881 16947.3 31047
766 6812 19946 26712.3 72314
767 547 25908 21963.8 59488
768 71 14238 46694.3 425202
769 686 28773 38671.3 101168
770 1270 22888 45029.4 454941
771 508 41101 42305.6 115718
772 3555 17111 26747.0 264437
773 6619 11859 13356.0 29692
774 1332 12752 53167.2 397396
775 209 17088 15259.4 33539
776 171 34413 32191.3 53522
777 407 33191 34437.9 111527
778 472 19618 42303.9 160506
779 2607 10957 12198.6 26632
780 176 33934 41597.8 112955
781 1646 12183 32640.1 259400
782 98 29668 30235.7 61459
783 907 31218 36304.4 90600
784 3157 21434 41128.9 152688
785 386 33083 41131.1 408501
786 1355 15842 44271.2 400542
787 122 12163 45961.0 176327
788 3143 21582 26636.2 216268
789 784 25453 61491.7 244195
790 178 21557 25025.3 68806
791 99 24175 28264.0 62238
792 222 18941 20278.4 43840
793 251 15593 62862.9 485729
794 74 15852 15321.2 32832
795 74 12632 16504.8 44557
796 150 26191 33587.3 111013
797 756 25478 37564.3 138130
798 156 25841 62341.8 310813
799 764 17482 31433.8 96340
800 51 21479 22659.8 50468
801 192 33702 42765.3 330573
802 1943 12176 102384.5 991045
803 4671 19648 28114.6 97120
804 80 6790 18529.6 59826
805 458 32800 32650.4 88121
806 1204 7042 17966.6 280228
807 75 29127 33288.9 75994
808 606 36294 50893.8 334478
809 1231 7239 42365.9 375102
810 2052 20004 77986.0 1038487
811 145 12582 30374.3 243431
812 615 22421 24033.8 56168
813 1123 19625 28323.0 409930
814 2850 18261 19673.0 54354
815 109 27448 61479.8 249594
816 359 32894 41155.0 143738
817 8013 17677 17183.7 34751
818 3013 9972 12019.4 29117
819 7125 15814 65011.2 645945
820 1110 11252 33626.7 547770
821 235 20359 21506.5 43167
822 161 24993 41599.3 138009
823 328 20235 24764.0 75885
824 146 24290 30432.7 87218
825 1425 13776 36882.2 387024
826 131 13042 20748.9 70009
827 428 12210 16570.8 51467
828 160 16685 34974.5 137161
829 2094 15013 74838.7 470887
830 661 15827 19750.5 43395
831 614 25018 38808.3 202114
832 508 15244 58287.9 319295
833 2156 12068 14527.4 35605
834 45 26220 27139.3 68233
835 375 39344 54216.4 161572
836 53 24350 36904.8 160584
837 352 27134 42151.0 126601
838 157 12522 13273.9 29966
839 56 12236 26241.2 103286
840 170 21198 26387.4 84405
841 995 19540 30812.5 103922
842 100 6505 11028.9 28052
843 189 24270 27544.8 82083
844 574 13292 23154.6 101183
845 2942 13335 23148.6 75238
846 2540 12244 23153.5 227544
847 2685 19068 19139.6 39551
848 421 29418 50019.3 195728
849 70 19400 37223.0 369114
850 255 20199 29193.5 91611
851 90 21649 68304.0 892708
852 472 34051 37473.6 77838
853 3118 25400 36147.2 272560
854 482 24126 30098.3 84940
855 2966 11678 16588.6 52978
856 66 20134 24050.6 76752
857 152 16336 19296.7 61789
858 809 14918 32986.4 132056
859 112 16260 15169.9 33160
860 2784 17089 42473.6 269108
861 321 18135 41408.5 380225
862 76 18588 25949.7 80336
863 262 12488 26145.3 104516
864 537 13742 20111.0 63686
865 312 23849 41087.1 293496
866 4817 12209 13551.9 28774
867 129 33779 44209.4 122039
868 104 23750 37532.8 123994
869 3313 15410 38463.1 144172
870 510 33750 41778.6 116389
871 1377 18190 63160.0 414586
872 155 15133 16516.7 32550
873 3107 16217 17900.8 43262
874 6866 20466 20809.6 44717
875 603 39548 52094.1 181271
876 4291 28040 33570.7 298549
877 75 18187 17659.2 39869
878 1011 38033 42345.9 116321
879 2610 19295 32685.0 296529
880 354 25732 51204.1 154212
881 87 13191 15261.6 32517
882 711 23311 35361.7 187287
883 1149 13868 67336.7 670414
885 726 26863 37589.6 251719
886 3278 13641 70303.2 272817
887 90 27470 26346.5 49781
888 1766 19565 39272.7 160620
889 272 23975 23680.4 50062
890 198 18336 26952.2 297852
891 13997 24513 32182.1 80422
892 2072 21695 37308.3 537107
893 264 20454 25697.2 87646
894 256 14805 18884.2 45015
895 1429 17223 31095.8 318345
896 68 29895 44027.1 130879
897 3632 23321 63582.3 215603
898 129 14341 15448.6 34204
899 4590 16899 19223.7 52403
900 110 14478 23907.2 80726
901 981 23172 33236.9 110980
902 226 22666 25320.6 65679
903 160 18576 54149.1 257991
904 66 25978 48059.4 262602
905 270 30833 61340.2 174704
906 2147 21278 21641.5 56216
907 82 28026 45324.7 155046
908 4361 10327 16765.0 49979
909 372 17191 19106.1 42152
910 1488 39328 51031.1 287207
911 58 23820 26417.3 64108
912 4409 31760 32227.2 66835
913 3626 13336 12948.0 28906
914 4905 23511 27075.1 63698
915 222 27803 29233.7 62727
916 812 24124 41438.8 133970
917 194 18050 34460.8 347090
918 2640 17938 23165.9 230039
919 107 18194 19763.8 40313
920 102 21061 21464.4 35406
921 3045 21739 32304.4 404752
922 196 17563 25683.3 255531
923 8389 22449 24787.1 48913
924 1819 12108 23406.0 130521
925 162 31958 35914.2 165762
926 882 13276 29501.6 116026
927 1423 18467 30648.2 101091
928 1314 24679 38525.6 146486
929 183 18255 30533.1 105989
930 3835 10667 18942.0 243662
931 112 26035 27902.0 61628
932 353 28048 40596.0 139820
933 574 41532 40432.7 78750
935 368 20727 23310.0 56456
936 208 18143 39937.0 330853
937 70 47362 86784.0 846760
938 2225 18070 19331.7 87837
939 1238 10872 20623.3 175843
940 101 27041 44582.2 161499
941 274 40888 36199.6 220743
942 151 37403 60445.2 235029
943 686 18787 42972.2 295494
944 3188 16217 21681.0 251711
945 2314 14882 17779.5 43001
946 211 26077 25713.5 55197
947 206 22416 28112.2 77388
948 93 18619 25423.3 195753
949 5467 13832 16421.8 38252
950 1291 20598 28670.2 103866
951 50 25544 24830.6 44334
952 136 43055 66851.3 330105
953 374 17540 18425.0 40452
954 200 27559 32442.0 192975
955 113 22874 56881.1 175656
956 165 21114 31329.9 97420
957 144 19924 23590.8 118703
958 118 25211 30866.2 94091
959 253 12747 14906.7 34602
960 69 14852 37825.2 160370
961 89 21304 29241.2 386860
962 4258 13485 16703.8 43697
963 3121 19119 19608.6 41671
964 138 16434 32171.8 655066
965 556 24563 67338.0 601663
966 4291 12242 38944.0 443019
967 153 27401 31575.1 73075
968 806 33101 37389.6 87006
969 427 22322 112639.1 1210352
970 871 15498 43354.2 218639
971 134 20240 20053.4 36897
972 101 13016 15626.8 45255
973 567 15668 16848.2 59774
974 1274 18095 70311.0 733812
975 237 21796 23282.4 45721
976 138 26617 56841.9 142583
977 249 36991 34215.4 81774
978 122 25249 29374.5 78258
979 2824 13652 36834.6 137192
980 516 12084 15379.1 46761
981 781 41339 58223.4 269289
982 5569 19848 28688.6 83549
983 2410 17482 21010.4 245148
984 3870 13244 14947.0 32991
985 5126 24671 22455.1 60737
986 248 24827 40138.2 139328
987 6497 19302 31887.4 101573
988 378 33318 41231.9 104231
989 229 30618 30257.5 73856
990 656 19077 46571.0 145631
991 146 18778 18370.9 36850
992 162 7527 44881.4 446241
993 84 18497 22278.6 68717
994 184 21235 20935.2 35512
995 425 17723 31281.9 403133
996 2278 21457 51858.0 356846
997 103 22278 23851.4 48368
998 1886 20923 38166.1 251899
999 117 35137 43597.3 363559
