0 622 2221 24610.7 168909
1 80 2667 9513.1 42188
2 178 389 9786.3 42703
3 83 300 3932.4 26934
4 71 2711 7681.2 36802
5 72 46271 61968.0 168255
6 55 35237 54033.3 186549
7 153 577 9990.6 35662
8 217 19882 22858.1 78781
9 102 14525 16852.3 50670
10 112 20101 21809.7 71626
11 42 25615 36697.4 133185
12 55 391 11072.0 46106
13 72 11003 25245.9 152263
14 173 18357 34293.4 216275
15 118 2490 7389.8 29015
16 194 5879 11050.7 43999
17 79 27720 47122.8 189454
18 113 145 283.0 6165
19 95 19920 21148.5 52254
20 270 8361 23366.5 296330
21 106 26887 37471.1 151263
22 458 1345 18006.8 165803
23 85 8128 29398.2 634311
24 105 13752 16232.2 42796
25 88 3728 12127.5 54311
26 116 9946 24426.5 195270
27 101 669 23845.8 112728
28 110 344 4274.5 43111
29 117 12272 10984.4 29867
30 61 459 14430.0 71145
31 55 18423 22730.6 77534
32 55 20007 26457.7 88928
33 53 207 9988.5 48383
34 68 17784 25689.2 88635
35 216 12750 28181.7 94281
36 141 23954 26704.6 176650
37 142 10914 10737.5 28095
38 62 21248 20630.3 49426
39 223 23195 29009.5 104049
40 50 18170 62386.0 178542
41 233 17356 37037.6 140480
42 65 289 7117.8 26660
43 138 12810 37875.7 202583
44 116 16601 15866.1 35670
45 47 11912 16078.5 58520
46 166 678 14988.4 78413
47 82 7056 16082.2 97228
48 176 49347 57394.0 183746
49 78 5121 18283.6 105693
50 82 11085 56588.8 839901
51 123 12628 33000.6 167019
52 111 20289 20794.6 59402
53 240 24608 59259.6 353517
54 54 3436 9818.2 99690
55 99 22502 27051.8 89586
56 84 6123 5877.2 14527
58 167 27405 40449.9 170231
59 509 19704 31483.2 105504
60 90 12186 14286.4 35384
61 61 13447 33606.4 144026
62 234 19806 100922.5 588381
63 70 9349 16893.1 93765
64 71 10962 30512.2 434667
65 157 7610 25645.6 177622
66 39 96 22850.5 134763
67 119 22552 23552.3 89769
68 96 168 2029.5 9773
69 54 269 5434.2 28845
70 47 89 150.2 447
71 74 25875 44952.6 159309
72 55 26557 26522.4 51519
73 166 31753 42499.6 170440
74 151 13519 32169.9 478842
75 71 22711 68780.0 543792
76 168 301 6702.6 49804
77 55 1148 6861.0 92492
78 132 26479 45038.1 154947
79 106 1167 13682.2 78871
80 90 12351 26733.8 142542
81 97 12719 12510.4 24859
82 134 5539 9806.4 101410
83 75 13373 18693.5 195601
84 133 32124 32738.7 76083
85 526 10274 20764.1 72131
86 106 19379 17737.0 45189
87 95 4188 11214.6 136187
88 180 26141 27204.3 54099
89 151 29085 34254.6 111527
90 110 40769 47592.2 173504
91 69 1825 12121.2 44661
93 50 7516 8553.1 25600
94 48 16520 18276.6 44564
95 52 274 8559.8 43232
96 196 10819 45361.2 327032
97 91 18538 28854.8 435722
98 82 10585 21042.0 70642
99 131 19988 19376.2 36624
100 102 1400 21700.1 120378
101 53 20978 24906.0 90179
102 100 10695 32147.2 155538
103 76 6229 12479.0 51330
104 182 1219 36125.5 167564
105 3115 15258 18939.2 47049
106 71 19368 37222.4 212871
107 128 18331 101170.0 1196643
108 2479 12369 36254.0 302483
109 91 13107 13507.9 28387
110 2245 13947 46817.6 637131
111 103 12529 17857.7 101671
112 52 21842 22766.0 35427
113 50 219 4340.4 55484
114 293 457 5397.7 54601
115 154 34388 41798.3 124210
116 122 21914 23165.4 63612
117 56 11220 28555.5 136017
118 52 12330 32436.1 578484
119 138 610 17102.6 71261
120 88 26594 33238.2 104280
121 47 14610 26264.4 361218
122 115 13753 25659.1 174288
123 155 186 185.9 211
124 111 248 12790.3 45716
125 160 362 10845.5 54678
126 3192 9520 21359.9 398168
127 114 24815 43572.2 153798
128 280 25864 26869.7 85328
129 45 10313 9525.0 17665
130 87 1696 20745.1 130018
131 66 30953 39017.1 158781
132 515 17713 25427.2 230777
133 95 6158 8763.8 33163
134 302 17869 19555.0 40248
135 103 12352 23178.8 171660
136 126 19424 29607.6 87378
137 965 4782 40450.3 286129
138 58 25633 58100.3 597385
139 53 686 8278.8 101089
140 161 1131 19586.3 139722
141 75 1004 20437.7 102787
142 65 19164 24966.6 85987
143 133 374 8648.4 39584
144 107 9572 10735.5 47976
145 170 14437 14491.8 28797
146 85 12823 13625.3 57164
147 113 21672 49814.3 223475
148 85 6567 10097.4 174248
149 251 14175 25423.4 193034
150 74 4236 7211.2 46199
151 92 13355 12444.2 30780
152 3560 12519 35421.3 169420
153 2689 9555 13273.6 36323
154 103 17154 20913.9 52709
155 145 2524 31653.9 168217
156 48 10536 12423.5 41974
157 195 17885 70769.4 277174
158 796 15945 63128.6 456965
159 102 14387 27893.2 301100
160 176 16273 17256.4 47614
161 192 15556 31102.9 136095
162 66 334 4271.8 24083
163 5247 13186 15528.0 36003
164 866 14696 53653.8 182649
165 64 13427 26793.0 157772
166 75 23871 21284.5 53554
167 228 24969 53556.6 179725
168 94 5574 28378.4 524623
169 110 36435 50361.8 165866
170 242 14191 29596.8 106294
171 187 11229 17711.2 70588
172 91 270 395.4 1080
173 79 12365 20553.5 76947
174 65 25059 28312.4 74205
175 1081 31211 62530.4 403838
176 731 6932 20699.8 270076
177 303 25030 34891.1 270036
178 148 15504 18176.4 50422
179 132 19773 39282.8 150408
180 61 648 7313.4 63747
181 192 14780 19599.1 81631
182 53 14292 12135.4 31186
183 71 52166 64090.2 201621
184 131 14701 53840.9 507212
185 158 9076 15326.4 77344
186 45 147 8192.0 148781
187 91 4666 10757.4 40394
188 150 14770 19796.9 103484
189 3869 15334 60613.1 329037
190 3547 11771 36045.2 352496
191 140 17041 21774.7 66432
193 68 26949 29020.4 74974
194 89 6046 34948.8 194213
195 98 7468 10032.7 31207
196 44 13351 19524.1 95160
197 129 13611 16768.5 64442
198 64 1524 23645.3 127355
199 188 9796 9781.8 20966
200 35 27865 34388.0 96374
201 315 24446 51606.4 533050
202 259 23529 35913.3 295980
203 103 1531 16204.8 179521
204 39 10905 26330.2 146516
205 55 407 6788.3 69647
206 4357 20749 31237.8 411011
207 68 12157 63182.9 279458
208 226 33249 43943.4 132847
209 74 18899 25060.1 303499
210 117 18443 17640.7 40763
211 141 614 3440.2 46792
212 83 19774 22002.7 49786
213 47 20335 23631.2 64176
214 79 12308 14507.7 46175
215 54 17446 22411.2 68615
216 156 15300 16933.9 40374
217 118 13765 95413.4 1442749
218 92 22322 27549.3 103920
219 102 9738 9750.1 21953
220 119 177 7447.3 49884
221 77 732 20341.2 112919
222 65 18405 33759.8 107213
223 108 12096 21696.6 62912
224 82 405 5012.1 36079
225 1515 11589 44877.7 514901
226 99 23344 36341.6 152335
227 68 17395 18853.8 49400
228 182 36795 73118.8 639782
229 559 58033 64668.6 221766
230 192 11832 16251.0 153241
231 73 8091 29350.7 177102
232 247 9242 11864.5 166159
233 68 3531 12968.1 55835
235 156 17174 16897.4 44129
236 72 8286 9642.6 26075
237 125 14817 27885.4 106939
238 72 13496 25472.5 95029
239 50 26644 33170.9 99785
240 103 3368 8555.1 38145
241 60 650 7213.4 44234
242 113 990 17490.4 138894
243 63 13884 24868.8 126384
244 142 12448 36080.7 243378
245 49 12110 11427.0 30294
246 953 20154 29167.6 142462
247 1929 9072 9845.8 23471
248 1921 13009 24034.2 322579
249 283 20421 27175.7 191133
250 265 16862 16908.1 51047
251 511 25610 32935.0 94765
252 244 16143 37705.3 676866
253 143 22350 25065.3 49638
254 3838 27383 30381.7 77506
255 123 17529 28818.4 100882
256 113 7780 27281.1 248521
257 62 13952 23931.6 91615
258 80 25689 46706.6 158393
259 44 16909 20920.6 68566
260 63 12978 10727.4 25962
261 101 30112 55679.7 219837
262 129 28522 32579.9 71083
263 97 38678 62023.1 150998
264 177 7329 7823.3 16596
265 106 24286 30747.4 99910
266 156 13924 26212.0 146637
267 7631 15440 16443.2 28534
268 56 260 8409.3 55723
269 379 12516 37399.4 347299
270 127 926 13351.4 215653
271 61 23250 40819.6 344564
272 107 15876 16112.6 48439
273 62 13713 33913.0 134457
274 78 3379 9391.8 32650
275 111 33966 41884.6 138154
276 387 38357 41128.8 99155
277 115 18556 23359.6 81678
278 207 14336 15183.9 56067
279 87 31823 31161.6 94484
280 108 9715 31921.6 301865
281 115 24820 33708.9 520110
282 232 20701 17500.5 42821
283 73 14754 16246.0 48173
284 395 32828 48090.8 144916
285 58 9149 20576.6 196200
286 81 18474 28101.5 269148
287 96 19814 23465.3 178913
288 172 820 12956.5 91623
289 52 17844 13484.1 41085
290 161 24819 45549.8 505335
291 115 20249 17068.4 47686
292 125 396 13997.1 194910
293 93 16775 16994.1 39419
294 133 12677 29630.5 598116
295 179 23719 34568.4 160330
296 197 14588 39682.9 230870
297 108 25943 25159.0 56802
298 577 8359 52222.2 565419
299 61 5761 33522.0 700697
300 410 18241 25141.1 75597
301 169 630 15847.7 161353
302 80 13134 17005.2 55658
303 66 23487 21856.7 45745
304 220 17854 44183.9 187413
305 85 36674 37973.1 97193
306 105 27792 40267.8 461569
307 2547 33487 45479.3 284521
308 79 8281 12056.3 235729
309 429 25582 26967.2 61086
310 173 15153 22806.6 71385
311 66 22510 24398.2 72183
312 58 15397 21580.0 196979
313 89 20158 20154.6 91855
314 130 20524 22875.1 67023
315 145 21535 33663.7 103665
316 120 12717 26045.8 110503
317 149 13655 12896.9 32895
318 65 28699 52636.8 159919
319 49 481 4149.6 30279
320 66 11825 22718.6 321328
321 136 647 12319.0 52076
322 63 648 14241.3 60409
323 431 18169 33577.7 124335
324 195 15155 36115.9 154252
325 266 36295 36262.0 212683
326 72 19303 21644.2 55338
327 56 19545 22517.4 56652
328 288 31767 40955.5 111251
329 76 4809 14689.4 57110
330 57 14737 29209.4 243505
331 317 20676 73451.6 670515
332 77 11923 20179.0 300409
333 190 27775 27990.2 52252
334 239 23958 37890.2 152885
335 164 18340 31077.6 500316
336 89 18699 19529.1 49458
337 82 24269 45288.2 157262
338 139 19429 28513.5 82187
339 57 11671 14863.8 49039
340 190 18479 60264.1 420887
341 81 15177 36804.0 155070
342 122 7822 17149.8 72641
343 85 13982 14257.9 36711
344 110 12633 20855.9 103460
345 64 7636 9678.1 34873
346 86 9887 18109.9 211505
347 2824 26241 45309.0 156548
348 175 337 1904.6 27397
349 97 20849 20508.9 50156
350 184 18805 62079.6 345285
351 53 13037 18729.4 55075
352 74 14849 18733.3 50499
353 131 15845 33733.3 316372
354 69 20098 26107.6 136710
355 173 31214 29409.8 63652
356 203 17893 30100.4 308082
357 186 17971 32168.1 126729
358 93 24502 69785.8 655474
359 46 9861 14762.5 261173
360 139 10875 22335.8 131349
361 67 20076 24537.9 82845
362 84 27225 32964.7 154799
363 183 18562 31417.1 240514
364 84 9051 18714.5 244517
365 446 15355 21641.8 68070
366 6499 15842 20768.0 49651
367 89 25969 60998.9 419450
368 51 12767 14220.0 31277
369 36 149 17776.1 151590
370 81 18360 17783.3 33169
371 3816 20507 65743.4 554244
372 150 34363 36848.1 88523
373 72 492 13448.2 66637
374 136 16627 23208.6 67682
375 53 3333 3901.2 10695
376 177 28765 36946.4 115058
377 73 14613 16308.3 40082
378 234 21447 21804.5 60502
379 98 19419 188875.8 1288655
380 115 218 1187.4 15670
381 139 21225 23757.8 90471
382 549 27272 44267.3 533322
383 214 11815 18189.9 83365
384 65 200 3861.2 114350
385 1274 21042 38903.1 157209
386 114 14785 14697.0 55027
387 1292 14530 20808.8 334847
388 51 118 2396.4 8569
389 203 38294 68947.8 284349
390 105 9739 17974.8 78594
391 85 23383 23765.6 68024
392 148 3941 3756.5 10801
393 66 14589 18039.2 48075
394 111 15186 27561.6 119711
395 2075 7504 9771.1 23604
396 119 16705 29171.3 160418
397 275 14695 21929.5 53902
398 98 11910 29867.2 440134
399 193 11484 18853.5 71281
400 88 9041 11110.2 35634
401 1748 7976 23598.2 442872
402 57 416 8224.1 52958
403 182 23338 37781.1 186568
404 104 25245 31360.3 85195
405 518 30532 80705.6 845975
406 161 18477 41865.7 393693
407 69 14905 15384.4 31365
408 201 32171 41393.0 100573
409 179 9670 25568.2 147928
410 143 11529 12727.7 30855
411 52 127 4963.9 36886
412 154 11442 26552.4 96268
413 171 40438 38080.0 104775
414 78 21825 17456.7 40084
415 65 6324 13315.4 57163
416 74 32299 38994.1 133851
417 2773 11980 11494.7 23313
418 107 17329 23999.0 80987
419 68 166 3256.6 18034
420 70 5291 23269.5 312520
421 172 19230 22477.3 58423
422 2657 11329 11873.4 25541
423 2649 19484 18503.2 41900
424 105 13251 14101.1 28426
425 60 1192 3576.6 16475
426 67 13701 24779.8 170842
427 143 15026 35878.5 139209
428 89 18081 94331.8 847051
429 129 14057 31776.9 362209
430 92 118 124.6 182
432 121 28014 45225.2 269613
433 123 13665 15223.5 44476
434 70 11256 26138.5 106561
435 123 14155 24693.6 385170
436 76 29133 26864.8 70518
437 1487 14987 43439.4 655162
438 5540 24681 25070.7 55307
439 1051 19141 43796.7 438691
440 3438 19448 20194.4 37766
441 487 33918 32692.4 93976
442 56 17568 33830.9 144194
443 84 8094 13713.8 43568
444 175 4111 20895.3 210461
445 75 39440 64909.0 247449
446 94 12148 31442.7 121491
447 97 13534 15938.2 55991
448 56 18977 22606.6 55935
449 231 10312 37667.5 342335
450 3044 19092 20538.4 45545
451 45 6639 18286.3 445911
452 50 16688 21805.0 57119
453 479 21091 26388.4 73219
454 78 353 7413.1 28399
455 102 8796 16181.1 206472
456 562 12327 14810.1 44968
457 270 536 971.5 19616
458 50 784 9100.6 111920
459 61 7937 11838.1 34335
460 7247 22951 114339.8 913381
461 63 45794 62908.6 189119
462 72 23858 37734.4 175649
463 72 24496 23359.4 64341
464 72 1752 15587.2 86382
465 57 19086 20119.5 44203
466 1368 21219 36503.8 421126
467 3256 14918 25865.8 332038
468 164 22982 26088.6 81202
469 126 14654 18923.1 56616
470 108 1477 20851.6 107408
471 57 18638 19566.5 53338
472 100 8022 19933.0 224028
473 75 5439 23392.1 134001
474 153 20690 51320.8 255492
475 44 19806 36196.8 396803
476 184 26569 32047.3 88846
477 1931 16362 39915.2 165136
478 110 17112 26802.8 390635
479 67 14701 13378.2 27964
480 201 16326 18127.6 58468
481 136 19066 43888.8 352336
482 145 27484 86629.9 952969
483 34 9944 26305.4 273508
484 94 12717 27736.2 178913
485 54 8736 34143.9 280588
486 231 3545 25230.0 189299
487 104 13173 17192.4 73078
488 108 759 6418.7 64607
490 76 4906 16620.8 485185
491 97 18438 58012.5 191078
492 2076 12345 82015.1 662662
494 120 10044 11183.3 39062
495 118 8562 19506.1 278132
496 73 20230 24333.4 62589
497 2085 8150 10012.5 28144
498 95 24162 36411.7 190477
499 151 18298 18364.4 42642
500 92 10619 18592.6 278431
501 108 26365 26079.7 81557
502 43 13692 34799.8 143883
503 125 50639 78317.2 470138
504 197 22588 28231.4 80229
505 2518 5954 25159.8 382168
506 137 24617 27222.2 98578
507 112 11296 28098.2 435592
508 513 12363 18702.3 53464
509 51 19163 17694.2 45922
510 79 488 10694.2 48930
511 160 16180 24675.2 266960
512 119 19531 24591.7 89557
513 172 1221 23775.2 257737
514 83 17828 26146.1 285926
515 327 16004 19664.6 238135
516 194 13645 19248.6 264748
517 54 21436 54651.3 449682
518 69 8162 20510.2 87448
519 86 9145 25465.6 392900
520 378 8667 22048.6 333144
521 93 14897 24607.2 143800
522 1626 12782 15446.7 157092
523 84 3987 5491.2 23111
524 110 16215 26440.6 91830
525 55 22605 28041.5 96730
526 86 192 7957.9 37883
527 4144 11138 12582.9 27915
528 170 22414 73281.0 813786
529 76 12859 13630.8 32444
530 119 10731 18329.0 264473
531 167 206 204.2 236
532 121 24737 37818.8 148623
533 1822 14935 29450.4 423829
534 75 19825 18843.6 38974
535 116 28724 50401.0 172992
536 66 20382 19696.7 52863
537 110 6525 24195.1 636087
538 66 17937 21826.2 85443
539 45 10547 13579.1 44692
540 123 2161 37940.5 209434
541 1437 17749 46014.5 464308
542 79 36435 51457.0 319468
543 51 15320 26080.6 114361
544 118 1400 34696.8 169825
545 109 11518 12804.6 30965
546 98 16131 15959.9 34625
547 53 17581 19375.3 61364
548 189 15655 22148.0 73976
549 67 18680 19743.6 39631
550 261 18904 20059.1 57870
551 521 29332 25993.2 59598
552 102 16540 26131.2 156039
553 235 12676 13609.2 32482
554 71 23044 27940.7 165509
555 100 25736 21849.9 54037
556 81 29399 28618.5 67824
557 158 9316 30288.4 145377
558 76 10977 13861.3 37804
559 110 12748 34930.3 160408
560 161 917 11713.6 71485
561 116 13142 30977.3 240492
562 162 14717 21426.7 71994
563 88 638 17681.1 113748
564 214 35053 31881.3 85576
565 110 10903 30797.5 278013
566 112 33586 42348.5 423842
567 98 8807 14059.5 63634
568 76 10228 30274.0 365683
569 72 797 10421.5 53516
570 181 812 37078.0 176232
571 105 18676 37686.4 320045
572 72 13355 31036.7 321135
573 80 18247 46243.2 696843
574 137 20420 23654.2 72689
575 44 23215 35238.9 170921
576 51 16898 21062.3 56601
577 191 41657 63500.6 245754
578 83 34307 46298.5 158222
579 128 17095 25659.8 85299
580 116 13953 28828.0 288659
581 59 28374 46760.1 524992
582 60 1294 5730.7 19768
583 132 800 15209.8 70697
584 146 12738 11735.7 25824
585 130 15111 31198.8 109742
586 123 23572 38307.6 132984
587 236 12802 25831.4 188934
588 102 8055 54448.5 459788
589 162 18058 28584.2 63947
590 82 27449 35553.8 85685
591 60 18216 51136.8 215462
592 326 25002 42451.2 568341
593 117 20357 20063.4 40542
594 350 22006 24599.2 103443
595 86 28762 32883.8 93736
596 124 27600 26376.1 263420
597 54 15727 25027.2 80947
598 5687 22977 25064.8 53677
599 85 15795 40550.8 175787
600 69 27100 48474.9 251359
601 73 872 22424.3 99200
602 53 14164 15170.2 34530
603 163 12336 22412.4 131490
604 113 6985 32109.2 197927
605 207 22678 22487.2 38353
606 187 7739 24469.8 113136
607 74 20955 26288.6 96510
608 117 14268 18800.2 97813
609 56 21487 23784.9 100715
610 75 27011 45586.7 206174
611 134 10281 22950.2 102791
612 433 8201 30334.5 228854
613 83 9116 30010.9 260310
614 93 27729 60622.1 238259
615 143 12610 14045.2 40990
616 129 33058 76526.6 908001
617 69 464 8504.8 40218
618 85 474 23584.4 76774
619 78 2188 16938.7 142476
620 322 30392 30288.6 73934
621 126 34028 35581.5 126151
622 49 10132 23880.3 86218
623 61 29478 32955.2 283019
624 179 22147 37065.4 132697
625 63 15951 23929.9 86608
626 144 13283 15607.9 38969
627 56 12724 14809.0 54236
628 353 15142 35191.4 163854
629 160 20180 21447.5 52505
630 117 6861 14464.3 76972
631 44 9515 27230.9 205020
632 3228 8587 13660.3 206166
633 159 17309 38538.7 279581
634 124 22039 20682.8 50878
635 163 13625 18491.0 64507
636 99 6074 16334.8 68752
637 145 20666 30769.7 143882
638 51 11911 39652.3 204774
639 103 13920 28931.9 146406
640 126 33383 45350.6 156493
641 133 19864 21082.6 46969
642 75 16105 28181.2 394222
643 4084 17554 19600.0 44833
644 58 15755 35777.4 309242
645 83 18643 21371.3 66937
646 76 13148 27290.5 155086
647 86 5846 12963.5 69698
648 81 13319 46561.7 327864
649 114 13815 26310.6 165858
650 100 10157 13770.1 48442
652 60 146 2576.9 17096
653 69 23378 59753.2 163847
654 139 7823 16629.3 327752
655 75 12183 25621.8 194900
657 39 13679 16653.3 43528
658 62 8862 24217.0 115044
659 183 27045 44974.9 150923
660 178 16059 16688.0 45690
661 2297 7834 10210.6 27152
662 127 15447 13211.2 26974
663 228 17474 17593.0 44595
664 50 24294 43446.2 376011
665 313 33417 37832.1 152514
666 1923 16801 26544.5 207358
667 85 7582 62585.1 272445
668 45 12668 29050.6 555361
669 89 22615 98612.4 1576897
670 78 30003 28114.0 57909
671 137 18124 19617.9 41745
672 845 32798 43628.8 147151
673 121 14549 14867.8 53137
674 106 20001 17845.2 38153
675 63 26332 26637.4 69410
676 2255 8284 10943.7 29019
677 50 14336 21246.3 70228
678 76 12290 23815.3 169052
679 245 16047 25191.3 100069
680 129 24299 26766.6 185984
681 55 21977 30666.4 68476
682 50 350 12237.3 40559
683 136 15735 20935.2 64911
684 314 35554 55112.1 190100
685 77 13968 29616.6 330450
686 133 11234 20419.1 95639
687 189 11619 21262.7 170111
688 112 8837 18315.5 142582
689 75 839 25050.2 99082
690 94 12314 15575.3 38711
691 50 389 9216.3 43934
692 81 13419 24478.6 293458
693 97 459 7624.4 20874
694 150 19562 25845.3 127356
695 95 27997 25083.7 54390
696 376 29022 51375.8 308571
697 59 11598 11060.9 19953
699 3022 16130 34749.2 130083
700 191 927 18085.3 79324
701 229 28061 28111.1 74346
702 69 9197 59587.4 796176
703 2021 8517 26799.1 125291
704 70 15296 15853.6 45010
705 162 16169 18313.1 43440
706 43 13210 43801.9 546709
707 222 16584 16765.8 29559
708 42 25458 40059.6 128074
709 358 20825 25213.0 66294
710 2988 12861 56873.2 314101
711 57 16732 36159.9 136810
712 151 20008 26172.5 94668
713 80 13251 17580.3 56061
714 200 16488 19337.9 67444
715 95 251 8086.4 122799
716 63 4833 16817.7 58562
717 82 20290 29302.8 93058
719 133 24050 24790.8 123820
720 48 15055 18018.0 56651
721 163 22554 29872.2 94416
722 163 24503 40907.6 173670
723 61 8050 10738.2 30638
724 90 13722 17180.3 51165
725 59 22517 44300.8 185831
726 118 7412 12799.2 51444
727 167 12001 19066.4 52119
728 174 13832 25460.0 85413
729 1018 7748 12232.2 160536
730 69 14616 18031.6 54124
731 1074 9433 53640.1 326558
732 82 15680 21382.8 70405
733 239 18588 24008.6 281197
734 64 15271 29728.6 601748
735 136 13298 26616.0 210446
736 120 11132 27784.1 305057
737 160 27987 27614.7 67778
738 64 6482 6930.8 17629
739 235 32010 28283.4 55712
740 116 15975 70358.5 574947
741 85 8160 13714.2 53540
742 188 43859 64941.1 204214
743 129 16122 33634.1 351272
744 1908 11579 33842.1 269812
745 70 16477 40227.1 266391
746 73 9166 8850.2 23915
747 3805 11842 11614.0 20571
748 3164 12730 13236.0 30836
749 130 16976 21599.5 67717
750 169 12401 12599.8 28674
751 392 18938 31727.9 224382
752 3120 21746 54672.8 476678
753 139 20499 28742.5 347171
754 82 29775 24669.0 76223
755 102 12836 18405.5 240582
756 109 20449 26279.9 72010
757 64 25793 28278.8 78752
758 74 18533 39968.5 146168
759 63 115 134.5 276
760 112 10951 15383.2 48435
761 93 20256 21576.7 46986
762 107 12529 34760.8 255059
763 106 13919 12871.2 23170
764 390 37063 45715.0 113292
765 105 52356 77480.9 213974
766 102 22894 34867.6 421904
767 347 17937 18837.5 39960
768 58 20291 36483.2 156142
769 69 24916 29449.3 69465
770 56 14458 16010.4 36798
771 104 9307 40720.8 412065
772 65 22402 32415.7 376281
773 98 11424 18713.8 299313
774 100 28687 19688.1 40323
775 151 14229 13363.0 23941
776 89 14162 23886.3 101677
777 207 44818 56275.3 274829
778 86 13951 13891.6 38957
779 97 14374 16599.6 56462
780 100 10762 34892.5 184136
781 142 12687 38065.8 232666
782 64 12529 32015.6 159446
783 82 164 5957.9 24317
784 169 11671 12318.8 36719
785 47 13897 13341.1 43549
786 142 11863 20985.7 327719
787 115 37992 32969.7 92810
788 91 13434 36449.6 244624
789 63 18833 20666.0 52712
790 185 20888 28141.4 130065
791 48 11853 74431.5 766857
792 160 19117 19793.4 46379
793 132 22771 28277.0 87301
794 332 20489 36080.7 546386
795 69 10314 11586.5 26976
796 88 13160 26449.4 348490
797 158 22971 22176.6 58923
798 66 17346 37925.8 140282
799 63 21446 26357.6 73622
800 111 35411 50156.0 194249
801 160 8952 25715.4 252910
802 171 17556 46332.8 500745
803 184 24213 30835.7 212328
804 102 16825 21942.4 72888
805 338 28723 31183.6 74299
806 161 16700 21818.6 76511
807 75 15925 15146.5 56564
808 59 29308 46093.3 188241
809 89 145 3236.6 13300
810 108 10382 13593.5 59112
811 77 16616 21036.8 67846
812 146 11210 13981.1 55943
813 130 8571 41688.6 200845
814 161 23279 21524.7 66689
815 202 35895 38416.8 82042
816 307 11854 13820.5 27647
817 68 10420 30363.4 123159
818 111 15033 18047.4 44927
819 380 27789 30099.8 71965
820 77 25338 25793.6 77581
821 1255 12016 45372.0 599113
822 111 7701 16426.8 61917
823 4220 14158 18984.9 160880
824 167 6633 10510.6 47791
825 42 4247 6657.4 51626
826 45 21557 34511.6 119366
827 80 18777 22021.7 109855
828 89 16392 28719.2 615655
829 94 25015 25035.5 50561
830 162 12328 30925.7 676197
831 53 15679 15138.8 36947
832 63 24312 31318.2 273367
833 86 280 3476.7 30048
834 88 9517 15519.8 76420
835 76 15511 15001.6 30510
836 81 13233 12185.5 33891
837 130 15589 20117.0 56506
838 115 14237 24001.1 98898
839 88 8145 12417.6 50968
840 305 27777 56549.1 246606
841 77 2950 20375.8 190913
842 47 18601 36336.3 365542
843 105 13201 17346.3 57079
844 184 39179 75666.2 262191
845 132 7750 14031.3 57208
846 53 16069 16627.8 33162
847 499 26303 25899.0 95177
848 65 29872 43158.9 658123
849 101 26983 32756.1 195508
850 170 3285 27253.3 233071
851 99 16304 28883.0 108986
852 50 1285 12217.2 103021
853 56 148 8135.2 58820
854 129 10546 18767.0 103497
855 71 12887 34958.6 144348
856 58 10872 22699.3 122813
857 72 12960 24739.4 93539
858 216 13245 17133.8 50758
859 146 14273 15600.2 36265
860 71 12310 48547.2 387291
861 137 19502 15251.9 37020
862 4662 19654 23249.6 71527
863 86 37627 37021.1 113666
864 68 15696 17154.7 42833
865 77 14767 13267.8 26992
866 1768 12773 33553.8 465347
867 2053 12978 34789.6 611774
868 56 13087 33087.6 124999
869 84 24656 32033.6 85773
870 60 6594 20918.8 353214
871 133 22888 28841.5 147139
872 78 13682 16592.6 34937
873 71 11201 19837.8 209791
874 94 14679 17217.2 43245
875 151 29883 29747.7 90791
876 181 36131 51206.3 211301
877 158 29126 28985.2 63163
878 266 17880 19622.0 55228
879 72 16898 30300.5 108797
880 135 10468 23661.6 75236
881 344 17458 60848.4 344177
882 525 20561 40503.5 322007
883 159 13247 15438.2 43278
885 106 9756 23797.8 177396
886 88 10493 14456.6 179955
887 64 20178 25822.5 57967
888 104 14645 18993.0 54090
889 448 25890 40707.6 133733
890 89 24828 48011.6 179141
891 153 21525 22566.3 58389
892 41 16020 20064.0 150803
893 60 383 6126.9 24888
894 57 1057 17395.2 137838
895 116 9270 32914.6 646721
896 107 21401 38566.2 531117
897 66 22498 112225.0 1115148
898 82 16675 16584.7 29077
899 71 22513 71101.0 329044
900 45 12059 25924.1 221079
901 98 12980 13956.0 32462
902 99 25859 26625.5 79243
903 102 12108 25774.5 364320
904 165 32611 73980.6 328116
905 101 29356 27508.0 65643
906 90 4135 9058.0 36054
907 113 55358 45530.2 98425
908 82 20838 22617.8 47417
909 60 218 6106.8 49281
910 1885 9901 16813.2 280981
911 70 11433 13439.1 34419
912 146 13052 28004.4 433237
913 279 23670 28103.2 67889
914 293 17531 18334.2 45817
915 91 13986 16398.6 47657
916 142 30377 60499.0 297078
917 55 23308 23711.0 53779
918 306 15076 17687.5 56235
919 76 11386 11619.7 25316
920 108 17731 28259.4 202098
921 243 23442 59902.1 171263
922 58 16562 22013.3 254805
923 44 17840 21129.0 49002
924 69 10551 16562.6 60980
925 74 27547 30794.4 99577
926 101 1811 28213.6 271859
927 361 24901 83636.5 721460
928 235 9064 9634.6 19168
929 542 30463 46367.6 171110
930 110 20548 31293.0 272437
931 220 23008 30800.9 273851
932 85 5482 27182.5 252752
933 274 14781 17297.8 48314
935 132 1161 18169.4 284308
936 159 16058 16090.6 34456
937 60 8532 14395.9 75702
938 1685 8978 67022.0 763275
939 44 6840 36123.7 458184
940 178 26904 36437.8 134571
941 107 8996 11185.1 33217
942 69 16920 23887.8 79487
943 81 488 8853.8 54747
944 4982 14780 16709.4 38967
945 4627 13423 17055.4 167420
946 1632 15146 25474.0 267556
947 92 23104 35050.0 587128
948 3662 14733 19555.8 57145
949 62 14826 17217.1 48030
950 42 11576 12119.7 27058
951 60 18870 32741.8 261324
952 189 20826 26825.1 76394
953 2021 14787 16347.2 44195
954 102 15732 32911.4 731751
955 49 6211 7558.5 21198
956 541 9645 21463.5 384022
957 171 24314 24244.4 49962
958 135 24082 24373.4 49739
959 126 1536 19104.6 157393
960 89 22371 39203.9 133523
961 99 13177 28738.7 380214
962 118 22754 108311.4 1059634
963 85 544 13184.7 52767
964 112 3506 10136.0 65353
965 44 275 13319.8 55499
966 137 18641 32004.2 129421
967 140 12107 19183.0 157605
968 83 5970 36160.6 241030
969 2735 14529 35199.7 554316
970 1353 17115 47502.9 364503
971 83 14643 50565.2 219374
972 375 13287 31912.0 130350
973 91 9148 44303.5 149459
974 98 21452 22910.4 46750
975 84 15072 18883.2 87361
976 131 12110 16289.6 155290
977 86 14027 28807.6 260803
978 83 8645 59623.3 497958
979 114 26156 38920.7 108597
980 329 18222 24486.3 99442
981 189 923 16291.2 83647
982 244 20070 27906.1 122097
983 73 9535 9846.5 23709
984 2350 18351 38321.0 139061
985 369 634 633.1 900
986 272 16905 20208.6 74969
987 72 20925 21740.2 49235
988 124 19245 17648.8 34466
989 71 13723 19100.9 59391
990 83 9440 20658.6 75904
991 139 12144 13001.4 35536
992 51 14473 14708.5 119548
993 121 876 14112.4 84014
994 121 11689 38074.0 185392
995 75 16619 36378.1 206794
996 154 10435 15846.8 65154
997 49 25052 27049.2 67182
998 494 23040 26265.7 216392
999 80 12392 21252.3 71433
