0 3.022 3.044
1 3.378 3.667
2 3.400 3.667
3 3.044 3.267
4 2.911 3.622
5 3.267 3.644
6 3.644 3.556
7 2.978 3.778
8 3.422 3.600
9 2.600 3.200
10 2.733 3.378
11 3.200 3.244
12 3.422 3.511
13 3.467 3.800
14 3.333 3.222
15 3.511 3.533
16 2.600 3.356
17 3.978 3.422
18 4.044 3.422
19 3.178 3.378
20 3.133 3.400
21 3.600 3.356
22 3.067 3.556
23 3.222 3.067
24 2.200 3.267
25 3.244 3.489
26 3.422 3.711
27 3.556 3.111
28 3.267 3.733
29 3.711 3.778
30 3.133 3.622
31 3.533 3.711
33 3.711 3.644
34 3.422 3.400
35 3.422 3.556
36 3.267 3.244
37 2.911 3.400
38 3.489 3.533
39 2.067 3.689
40 2.356 3.422
41 2.400 3.356
42 2.778 3.289
43 3.711 3.644
44 2.533 3.622
45 2.067 3.978
46 3.600 3.889
47 3.133 3.511
48 4.044 3.244
49 3.667 3.578
50 3.622 3.733
51 1.933 3.356
52 2.356 3.533
53 3.511 3.422
54 3.444 3.600
55 4.067 3.644
56 3.511 3.156
57 2.844 3.533
58 3.267 3.267
59 3.400 3.422
60 3.356 3.600
61 3.244 3.511
62 2.667 3.489
63 1.956 3.600
64 3.622 3.400
65 1.867 3.089
66 2.578 3.556
67 3.733 3.556
68 2.133 3.689
69 2.778 3.622
70 3.156 3.733
71 2.156 4.133
72 3.311 3.378
73 3.600 3.622
74 3.133 3.222
75 3.311 3.622
76 3.044 3.667
77 4.111 3.156
78 3.889 3.533
79 3.644 3.600
80 3.111 2.978
81 3.156 3.200
82 2.578 3.578
83 3.778 3.689
84 2.067 3.422
85 3.244 3.622
86 3.422 3.067
87 3.289 3.733
88 3.556 3.089
89 2.600 3.622
90 3.844 3.422
91 2.556 3.222
92 3.356 3.222
93 2.778 3.311
94 2.511 3.667
95 3.444 3.111
97 2.644 3.489
98 3.133 3.422
99 3.644 3.244
100 3.022 3.467
101 3.156 3.178
102 3.089 3.333
103 3.511 3.533
104 2.533 3.133
105 3.489 3.422
106 3.667 3.244
107 3.289 3.267
108 3.222 3.756
109 3.156 3.333
110 3.556 3.578
111 3.378 3.400
112 3.556 3.600
113 3.067 3.333
114 1.978 3.289
115 3.222 3.733
116 3.689 3.200
117 2.978 3.311
118 3.689 3.511
119 3.267 3.311
120 3.111 3.444
121 3.489 3.711
122 3.200 3.778
123 2.978 3.378
124 3.800 3.600
126 3.867 3.378
127 1.956 3.467
128 3.267 3.600
129 2.978 3.578
130 3.467 3.422
131 3.267 3.800
132 3.578 3.200
133 3.689 3.511
134 3.400 3.222
135 3.178 3.600
136 1.844 3.822
137 2.378 3.689
138 4.178 3.311
139 3.311 3.222
140 3.289 3.267
141 2.244 3.222
142 3.289 3.578
143 2.533 3.644
144 2.533 3.489
145 2.578 3.356
146 3.511 3.533
147 3.911 3.467
148 3.622 3.489
149 2.800 3.733
150 3.400 3.356
151 2.000 3.756
152 2.133 3.533
153 3.200 3.578
154 3.733 3.311
155 3.600 3.378
156 3.711 3.444
157 2.711 3.289
159 3.311 3.489
160 3.200 3.311
161 3.533 3.378
162 3.422 3.600
163 3.578 3.578
164 3.578 3.467
165 3.400 3.600
166 3.422 3.578
167 3.711 3.467
168 3.000 3.467
169 3.200 3.267
170 3.844 3.178
171 3.422 3.467
172 3.222 3.422
173 3.733 3.978
174 3.800 3.400
175 2.000 3.822
176 2.711 3.000
177 3.644 3.289
178 3.644 3.600
179 1.867 3.511
180 3.200 3.311
181 3.667 3.867
182 3.622 3.644
183 3.556 3.200
184 3.556 3.711
185 1.889 3.022
187 3.333 3.222
188 3.222 3.156
189 1.889 3.489
190 3.400 3.267
191 3.578 3.356
192 2.822 3.378
193 3.489 3.444
194 3.156 3.222
195 2.600 3.578
196 3.311 3.378
197 3.867 3.556
198 2.933 3.356
199 3.844 3.267
200 2.644 3.333
201 3.444 3.333
202 3.156 3.511
203 3.244 3.578
204 2.956 3.356
205 3.911 3.400
206 3.067 3.533
207 3.244 3.422
208 3.711 3.133
209 2.533 3.111
210 3.467 3.289
211 3.400 3.733
212 2.133 3.400
213 2.844 3.289
214 2.444 3.622
215 2.200 3.400
216 2.200 3.422
217 3.622 3.311
218 3.378 3.711
219 2.044 3.422
220 3.867 3.178
221 2.800 3.644
222 3.667 3.400
223 3.067 3.578
224 3.222 3.667
225 3.267 3.333
226 2.333 3.400
227 3.511 3.422
228 2.689 3.622
229 3.067 3.578
230 4.067 3.578
231 2.467 3.422
232 3.533 3.844
233 3.489 3.400
234 3.800 3.444
235 3.778 3.311
236 3.667 3.244
237 3.156 3.356
238 3.067 3.311
239 3.222 3.356
240 3.756 3.689
241 2.822 3.244
242 2.644 3.733
243 3.600 3.600
244 2.578 3.533
245 2.222 3.533
246 2.622 3.689
247 2.422 3.467
248 2.089 3.400
249 2.667 3.511
250 3.044 3.444
251 1.778 3.422
252 3.756 3.356
253 3.244 3.244
254 3.200 3.378
255 3.511 3.311
256 3.178 3.378
257 3.289 3.622
258 3.600 3.333
259 3.756 3.511
260 2.467 3.422
261 3.400 3.978
262 3.756 3.600
263 3.822 3.689
264 3.022 3.444
265 2.467 3.422
266 2.333 3.444
267 2.822 3.711
268 3.711 3.289
269 3.889 3.222
270 2.089 3.289
271 2.422 3.133
272 3.444 3.267
273 3.800 3.756
274 3.311 3.067
275 2.533 3.444
276 4.000 3.422
277 2.289 3.533
278 3.422 3.489
279 3.444 3.600
280 2.956 3.489
281 3.778 3.578
282 2.978 3.311
283 3.844 3.356
284 3.422 3.200
285 3.800 3.600
286 2.489 3.444
287 2.000 3.556
288 4.156 3.244
289 2.978 3.822
291 3.044 3.600
292 4.133 3.578
293 3.444 3.422
294 3.533 3.244
295 3.044 3.022
296 3.422 3.467
297 1.911 3.333
298 3.689 3.667
299 3.578 3.444
300 3.022 3.578
301 3.622 3.422
302 2.533 3.244
303 2.778 3.511
304 3.311 3.644
305 2.422 3.689
306 3.533 3.400
307 3.400 3.289
308 2.267 3.178
309 2.200 3.289
310 3.378 3.778
311 1.867 3.333
312 2.622 3.689
313 3.156 3.533
314 3.133 3.800
315 2.200 3.622
316 3.289 3.467
317 3.778 3.200
318 2.467 3.467
319 3.400 3.400
320 3.111 3.400
321 3.044 3.622
322 3.578 4.111
323 2.689 3.356
324 3.867 3.044
325 2.756 3.178
326 3.511 3.756
327 3.511 3.578
328 2.489 3.578
329 2.800 3.400
330 2.889 3.400
331 2.178 3.600
332 3.044 3.689
333 3.800 3.200
334 2.956 3.400
335 2.711 4.067
336 2.133 3.378
337 3.711 4.000
338 2.333 3.311
339 2.978 3.711
340 2.044 3.133
341 3.578 3.378
342 2.533 3.822
343 2.956 3.578
344 2.578 3.600
345 3.178 3.822
346 2.133 3.267
347 2.822 3.444
348 3.978 3.400
349 3.756 3.022
350 3.600 3.378
351 3.644 3.533
353 2.422 3.600
354 3.978 2.956
355 3.044 3.556
356 3.356 3.289
357 3.644 3.489
358 2.578 3.667
359 3.578 3.822
360 3.867 3.533
361 2.000 3.133
362 2.289 3.333
363 3.067 3.911
364 2.622 3.533
365 3.200 3.400
366 3.222 3.133
367 2.156 3.267
368 3.911 3.289
369 3.422 3.511
370 3.289 3.289
371 3.556 3.244
372 3.667 3.511
373 3.956 3.400
374 2.533 3.244
376 3.111 3.600
377 3.311 3.489
378 3.400 3.311
379 2.822 3.556
380 3.333 3.222
381 3.244 3.422
382 3.133 3.489
383 3.356 3.400
384 2.667 3.489
385 2.800 3.467
386 3.667 3.467
387 3.244 3.022
388 3.933 3.578
389 3.378 3.333
390 3.200 3.511
391 3.467 3.333
392 3.067 3.600
393 3.289 3.800
394 2.778 2.844
395 3.289 3.467
396 1.978 3.267
397 3.422 3.289
398 3.067 3.333
399 3.200 3.644
400 3.600 3.644
401 3.289 3.533
402 3.111 3.356
403 3.400 3.400
404 2.867 3.222
405 3.000 3.333
406 2.067 3.156
408 2.400 3.600
409 2.356 3.622
410 3.667 3.822
412 3.689 3.600
413 3.533 3.089
414 2.111 3.822
415 3.844 3.422
416 3.356 3.600
417 2.400 3.756
418 2.822 3.444
419 2.333 3.089
420 3.467 3.489
421 3.422 3.711
422 3.756 3.222
423 3.444 3.622
424 3.022 3.600
425 3.422 3.400
426 3.733 3.511
427 2.578 3.000
428 3.267 3.422
429 3.222 3.711
430 3.356 3.822
431 3.578 3.467
432 3.956 3.133
433 2.956 3.422
434 2.000 3.200
435 2.889 3.489
436 2.178 3.511
437 3.089 3.622
438 2.289 3.267
439 3.822 3.222
440 3.378 3.467
441 3.067 3.667
442 2.844 3.778
443 1.978 3.267
444 2.844 3.244
445 2.511 3.511
446 2.978 3.133
447 2.622 3.489
448 3.644 3.489
449 2.689 3.444
450 2.244 3.556
451 3.333 3.422
452 3.333 3.689
453 2.267 3.289
454 2.667 3.333
455 2.200 3.489
456 1.778 3.511
457 2.844 3.533
458 2.867 3.600
459 2.333 3.467
460 2.156 3.378
461 3.489 3.489
462 2.889 3.467
463 2.178 3.644
464 2.267 3.200
465 2.800 3.533
466 4.067 3.556
467 3.267 3.600
468 3.667 3.622
469 2.689 3.089
470 3.644 3.422
471 1.889 3.644
472 2.511 3.267
473 3.422 3.356
474 3.556 3.667
475 3.467 3.222
476 3.489 3.333
477 3.422 3.111
478 2.378 3.200
479 3.311 3.622
480 3.378 3.600
481 1.867 3.489
482 3.889 3.867
483 4.000 3.622
484 3.778 3.311
485 3.044 3.000
486 2.333 3.400
487 3.578 3.444
488 2.822 3.911
489 2.578 3.467
490 3.644 3.533
491 3.444 3.511
492 3.489 3.111
493 2.244 3.400
494 2.756 3.578
495 1.911 3.600
496 3.222 3.444
497 3.289 3.467
498 3.711 3.378
499 3.644 3.400
500 3.289 3.400
501 2.000 4.022
502 2.578 3.533
503 2.533 3.778
504 2.711 3.844
505 2.756 3.089
506 3.311 3.933
507 3.333 3.289
508 2.644 3.178
509 3.867 3.622
510 3.511 3.489
511 2.600 3.422
512 3.111 3.333
513 3.178 3.244
514 3.444 3.733
515 3.756 3.378
516 3.244 3.444
517 3.578 3.356
518 3.556 3.400
519 2.711 3.489
520 3.622 3.778
521 2.978 3.511
522 2.933 3.311
523 4.044 3.511
524 3.622 3.400
525 3.467 3.556
526 3.222 3.578
527 3.311 3.800
528 2.333 3.311
529 3.089 3.489
530 3.156 3.600
531 2.111 3.489
532 3.133 3.311
533 3.489 3.489
534 3.244 3.867
535 1.844 3.644
536 2.844 3.756
537 3.444 3.311
538 3.733 3.622
539 2.644 3.422
540 2.289 3.378
541 2.933 3.222
542 3.289 3.644
543 2.356 2.933
544 3.289 3.600
545 3.578 3.511
546 3.200 3.311
547 3.244 3.244
548 3.489 3.511
549 2.711 3.533
550 3.778 3.467
551 3.222 3.311
552 2.733 3.200
553 2.222 3.467
554 2.756 3.200
555 3.778 3.733
556 3.556 3.356
557 3.556 3.200
558 3.733 3.333
559 3.578 3.489
560 2.844 3.511
561 2.200 3.222
562 3.289 3.622
563 3.733 3.400
564 3.111 3.756
565 3.067 3.756
566 3.422 3.267
567 3.244 3.400
568 2.244 3.422
569 3.333 3.267
570 3.689 3.622
571 2.578 3.600
572 2.956 3.600
573 3.600 3.556
574 2.400 3.444
575 2.200 3.467
576 2.044 3.644
577 3.333 3.422
578 3.400 3.600
579 3.178 3.289
580 3.756 3.444
581 2.911 3.556
582 2.844 3.267
583 3.911 3.511
584 3.422 3.267
585 2.311 3.511
586 3.111 3.489
587 3.222 3.511
588 2.311 3.111
589 3.689 3.378
590 3.422 3.489
591 4.067 3.933
592 3.156 3.422
593 3.178 3.467
594 2.867 3.311
595 2.244 3.711
596 3.378 3.711
597 2.067 3.667
598 3.578 3.311
599 3.400 3.422
600 2.644 3.444
601 3.444 3.222
602 2.711 3.400
603 3.444 3.422
604 3.400 3.311
605 3.622 3.467
606 2.533 3.467
607 3.622 3.600
608 2.711 3.444
609 3.578 3.489
610 2.156 3.400
611 2.756 3.511
612 3.800 3.533
614 3.822 3.067
616 3.444 3.556
617 3.400 3.422
618 3.067 3.733
619 3.333 3.444
620 3.511 3.489
621 2.400 3.356
622 3.911 3.889
623 2.800 3.911
624 2.911 3.356
625 2.489 3.622
626 3.600 3.444
627 2.778 3.333
628 3.578 3.533
629 3.333 3.200
630 3.400 3.333
631 2.511 3.378
632 1.911 3.156
633 3.733 3.311
634 2.333 3.356
635 3.622 3.378
636 3.556 3.356
637 2.622 3.733
638 3.733 3.600
639 2.667 3.622
640 2.000 3.733
641 2.511 3.644
642 3.378 3.556
643 2.622 3.822
644 3.667 3.267
645 1.978 3.200
646 1.889 3.289
647 3.133 3.644
648 3.400 3.378
649 3.089 3.578
650 3.356 3.556
651 3.556 3.489
652 2.444 3.711
653 3.333 3.578
654 3.089 3.222
655 2.000 3.289
656 2.400 3.311
657 3.578 3.911
658 1.889 3.244
659 2.778 3.422
660 3.600 3.844
661 3.378 3.356
662 3.133 3.311
663 3.356 3.533
664 3.156 3.511
665 3.733 3.489
666 3.822 3.400
667 3.800 3.467
668 2.956 3.711
669 2.933 3.400
670 3.467 3.622
671 2.244 3.511
672 3.044 3.467
673 3.178 3.378
674 3.489 3.444
675 3.489 3.511
676 3.511 3.444
678 2.800 3.667
679 2.778 3.333
680 3.600 3.511
681 3.089 3.800
682 2.844 3.333
683 2.200 3.467
684 3.622 3.156
685 2.933 3.067
686 3.822 3.578
687 3.400 3.667
688 2.667 3.200
689 3.111 3.533
690 3.200 3.378
691 1.978 3.222
692 3.533 3.467
693 3.644 3.511
694 3.933 3.667
695 3.089 3.311
696 2.600 3.089
697 3.356 3.600
698 2.956 3.511
699 3.333 3.578
700 2.178 3.489
701 2.800 3.222
702 3.000 3.356
703 3.111 3.400
704 3.133 3.200
705 2.556 3.178
706 3.022 3.556
707 3.733 3.444
708 2.244 3.467
709 3.422 3.600
710 3.778 3.178
711 2.933 3.244
712 2.933 3.533
713 3.089 3.756
714 2.156 3.133
715 2.867 3.511
716 3.556 3.111
717 3.000 3.378
718 3.489 3.578
719 2.200 3.067
720 3.467 3.533
721 3.000 3.511
722 3.489 3.489
723 4.044 3.444
724 3.644 3.511
725 2.778 3.644
726 3.178 3.444
727 2.978 3.600
728 2.400 3.400
729 3.511 3.533
730 3.467 3.156
731 3.422 3.156
732 3.689 3.644
733 3.378 3.756
734 2.267 3.378
735 1.933 3.067
736 3.378 3.356
737 3.467 3.489
738 3.089 3.489
739 3.511 3.578
740 1.867 3.222
741 3.289 3.911
742 3.178 3.289
743 3.733 3.333
744 2.800 3.400
745 2.067 3.244
746 3.200 3.400
747 2.867 4.178
748 3.133 3.822
749 2.511 3.644
750 2.733 3.444
751 3.533 3.422
752 2.644 3.489
753 2.511 3.333
754 3.422 3.444
755 2.511 3.044
756 3.200 3.533
757 3.800 3.311
758 3.467 3.689
759 2.200 3.244
760 3.511 3.489
761 3.178 3.400
763 3.733 3.489
764 2.867 3.378
765 2.267 3.200
766 2.267 3.333
767 3.044 3.267
768 3.667 3.178
769 3.844 3.511
770 3.533 3.400
771 3.622 3.600
772 2.844 3.667
773 2.867 3.356
774 3.089 3.422
775 2.733 3.667
776 3.222 3.489
777 3.267 3.356
778 3.444 3.556
779 2.733 3.511
780 3.156 3.489
781 3.556 3.467
782 2.889 3.556
783 3.533 3.400
784 3.889 3.711
785 3.467 3.733
786 1.978 3.444
787 3.333 3.356
788 2.156 3.533
789 3.133 3.333
791 3.667 3.356
792 2.200 3.311
793 3.111 3.489
794 3.800 3.711
795 2.756 3.378
796 3.889 3.578
797 2.933 3.600
798 2.978 3.622
800 3.956 3.511
801 3.578 3.667
802 3.000 3.556
803 3.067 3.622
804 3.156 3.489
805 2.489 3.311
806 3.400 3.267
807 2.556 3.622
808 2.889 3.378
809 2.578 3.222
810 3.778 3.467
811 2.600 3.511
812 1.933 3.489
813 3.556 3.467
814 3.733 3.511
815 2.444 3.978
816 3.044 3.111
817 2.978 3.578
818 3.644 3.000
819 3.378 3.422
820 3.489 3.400
821 3.689 3.644
822 2.156 3.467
823 2.689 3.600
824 2.689 3.533
825 3.711 3.533
826 3.267 3.556
827 3.667 3.400
828 2.756 3.378
829 3.533 3.178
830 3.533 3.356
831 2.933 3.178
832 3.356 3.444
833 3.000 3.511
834 2.267 3.089
835 3.644 3.844
836 3.156 3.111
837 3.644 3.356
838 3.333 3.333
839 2.400 3.533
840 3.400 3.756
841 3.711 3.267
842 2.111 3.489
843 3.333 3.600
844 2.267 3.578
845 2.156 3.311
846 3.067 3.222
847 3.000 3.178
848 2.667 3.733
849 2.711 3.156
850 3.022 3.756
851 3.200 3.356
852 3.933 3.378
853 3.467 3.556
854 3.711 3.311
855 3.044 3.400
856 3.489 3.289
857 2.222 3.244
858 3.111 3.689
859 3.622 3.378
860 3.089 3.400
861 3.778 3.578
862 2.378 3.756
863 3.533 3.222
864 2.467 3.733
865 3.622 3.600
866 3.956 3.289
867 2.089 3.600
868 2.422 3.422
869 3.622 3.467
870 2.489 3.156
871 2.600 3.200
873 2.822 3.356
874 3.556 3.267
875 2.222 3.556
876 3.889 3.400
877 3.667 3.711
878 3.222 3.600
879 2.289 3.511
880 3.511 3.556
881 3.333 3.022
882 3.756 3.689
883 2.867 3.200
884 3.356 3.356
885 3.289 3.267
886 3.733 3.422
887 3.644 3.467
888 3.244 3.467
889 3.356 3.333
890 3.422 3.244
891 2.800 3.267
892 2.667 3.867
893 3.889 3.289
894 3.556 3.400
895 2.267 3.778
896 3.422 3.356
897 2.667 3.689
898 2.178 3.689
899 3.222 3.467
900 3.600 3.444
901 3.556 3.689
902 4.111 3.422
903 2.400 3.244
904 3.400 3.067
905 2.400 3.600
906 2.133 3.489
907 2.956 3.356
908 3.000 3.756
909 3.289 3.689
910 3.667 3.556
911 3.911 3.622
912 2.911 3.067
913 3.444 3.667
914 3.356 3.156
915 3.844 3.200
916 3.289 3.622
917 2.911 3.400
918 3.844 3.933
919 2.933 3.400
920 3.156 3.289
921 2.489 3.556
922 3.422 3.356
923 3.667 3.511
924 3.444 3.533
925 3.889 3.511
926 3.244 3.178
927 2.667 3.178
928 2.267 3.622
929 3.289 3.378
930 3.289 3.511
931 2.644 3.022
932 2.689 3.289
933 2.311 3.489
934 3.178 3.267
935 3.689 3.822
936 2.000 3.378
937 2.978 3.422
938 3.222 3.422
939 3.467 3.044
940 2.556 3.311
941 3.467 3.578
942 2.956 3.244
943 3.800 3.200
944 2.756 3.267
945 2.222 3.156
946 2.956 3.400
947 3.244 3.600
948 2.911 3.178
949 2.000 3.111
950 2.267 3.178
951 3.000 3.622
952 1.933 3.267
954 2.778 3.200
955 3.578 3.844
956 2.911 3.644
957 2.244 3.489
958 3.622 3.578
959 2.178 3.222
960 3.333 3.400
961 3.111 3.356
962 2.000 3.400
963 3.711 3.667
964 3.044 3.711
965 2.533 3.289
966 4.089 3.133
967 1.978 3.533
968 3.533 3.156
969 2.622 3.222
970 3.133 3.244
972 2.600 3.489
973 2.000 3.267
974 2.444 3.356
975 3.089 3.400
976 3.133 3.422
977 2.111 3.200
979 2.911 3.511
980 2.178 3.644
981 3.622 3.511
982 2.978 3.622
983 3.489 3.600
984 2.667 3.489
985 2.889 3.089
986 3.822 3.333
988 3.378 3.289
989 3.822 3.133
990 2.333 3.311
991 3.667 3.178
992 1.978 3.467
993 2.444 3.778
994 3.200 3.778
995 3.378 3.756
996 2.600 3.600
997 3.556 3.378
998 3.422 3.444
999 3.244 3.600