0 55 1937 25257.7 667573
1 236 70687 64286.3 187852
2 50 3780 4517.4 12369
3 78 33841 32745.8 100515
4 92 14023 15422.1 37411
5 50 1481 1828.0 4923
6 47 15330 30260.2 399470
7 51 1351 6096.8 38703
8 48 14310 32231.6 126742
9 242 30172 34508.6 129609
10 101 4687 5960.9 21927
11 116 13710 60167.1 362263
12 118 10691 10569.2 25172
13 71 13119 15327.9 38636
14 309 17248 22012.4 51338
15 119 16630 25456.3 218142
16 118 4718 4945.8 14620
17 2868 7755 28761.6 341830
18 60 11634 76211.3 466613
19 145 15338 25456.4 127666
20 8029 22172 51907.4 664958
21 1031 11824 12805.5 28058
22 103 22385 35624.1 272584
23 57 37752 63487.7 185329
24 110 314 8138.1 43111
25 81 13605 12871.7 26615
26 133 15315 43845.8 227912
27 130 13761 14252.9 31946
28 88 12128 16985.4 147531
29 76 15945 31770.0 398514
30 300 51300 64631.6 220077
31 172 20571 33457.0 378423
33 73 13803 18424.0 175692
34 3609 18584 24107.6 65083
35 115 14781 13192.7 23556
36 74 3585 14871.4 245058
37 48 16209 39307.8 195919
38 85 12538 44211.3 826102
39 50 1363 5496.0 54505
40 155 194 11114.2 42737
41 115 5685 16533.8 142107
42 52 4819 9309.5 48580
43 83 12270 73329.0 778088
44 110 1016 3044.3 18561
45 59 116 2168.4 35500
46 108 26039 41461.8 397373
47 117 7698 30723.0 389783
48 4249 13742 70862.8 742625
49 178 20086 37338.3 517847
50 1947 13218 12958.4 27746
51 139 307 11949.1 222729
52 139 827 11888.0 61784
53 52 10669 21268.7 328841
54 40 8550 46641.7 345134
55 1521 8635 39481.5 214253
56 61 18805 19695.6 61034
57 50 8366 16130.5 54531
58 196 14321 29719.1 143663
59 141 22934 31468.5 331692
60 60 5215 6775.2 19123
61 391 28289 32684.3 95845
62 76 10844 16219.9 67312
63 326 459 3063.8 67140
64 72 10038 12278.4 104350
65 64 458 791.9 6389
66 90 5896 11424.8 52050
67 2448 9875 35742.5 172178
68 51 89 645.8 4374
69 61 7265 19104.2 85987
70 54 16686 26964.3 71131
71 78 179 1555.2 8765
72 89 14882 19122.2 53278
73 369 23623 31315.6 211237
74 78 17947 43034.0 229852
75 111 11180 10390.7 19357
76 55 12718 16313.4 64563
77 376 19427 55668.8 778336
78 53 11690 46998.0 530066
79 59 13775 21895.4 319435
80 1614 38627 50815.2 134021
81 82 27076 28378.2 62566
82 87 15742 17499.3 59421
83 71 6773 15690.5 350213
84 61 695 5928.8 40696
85 47 20432 69399.4 515743
86 118 17151 31538.3 151380
87 314 13059 19967.8 58992
88 157 9428 22948.8 231419
89 123 2258 5062.4 24658
90 3475 13932 74748.3 546672
91 55 7906 26967.4 135974
92 91 14076 31562.2 148162
93 63 710 17241.0 207139
94 86 6099 11605.8 76427
95 56 15111 21277.4 61945
97 156 13194 18928.8 73142
98 161 32473 39933.3 142779
99 102 5250 11484.8 187502
100 53 9386 13804.6 65791
101 55 16901 26158.2 123063
102 75 31881 44143.4 530527
103 57 22785 24834.7 135080
104 117 2889 5474.0 17968
105 51 22544 52025.9 315247
106 1941 7349 14309.5 214645
107 322 21149 24040.5 54072
108 102 21093 34260.2 249581
109 1161 15133 38958.6 120972
110 82 20503 19635.7 36975
111 64 21255 21582.6 52740
112 84 8622 9534.5 21360
113 40 7783 9029.8 25594
114 74 216 2038.1 18492
115 163 26537 45263.5 140509
116 153 13807 28123.4 262807
117 49 20413 54707.4 213942
118 2665 7575 14899.3 49270
119 60 18500 18766.5 41517
120 121 21464 30045.1 95171
121 78 13920 19296.4 293637
122 68 18421 38103.3 149686
123 88 25915 38784.3 156542
124 113 5262 11744.1 143592
126 56 12960 34148.2 272977
127 84 933 5125.5 40019
128 87 16392 30291.8 165135
129 46 76047 72589.1 220733
130 92 9345 22183.7 90101
131 123 22186 25598.0 65361
132 66 4952 15515.7 303396
133 115 11206 27609.3 476450
134 54 22065 20474.9 36065
135 50 25123 26791.6 62479
136 86 411 3143.7 34594
137 68 1656 6727.6 196186
138 5206 11850 68911.2 522825
139 5918 21184 21553.5 40752
140 80 18861 17831.6 37812
141 54 71 1163.6 7032
142 103 17058 21084.8 47757
143 54 144 6972.4 26805
144 58 1454 17214.0 95659
145 92 17909 18097.0 56072
146 49 16484 14942.8 28731
147 1430 13101 65677.1 444281
148 68 2672 10434.9 108563
149 59 19513 26323.9 111246
150 198 13297 11984.5 23039
151 53 93 132.2 391
152 83 134 2390.2 18945
153 46 30895 31915.4 82953
154 50 7068 16565.0 320056
155 2433 10535 13584.4 36906
156 118 7278 7484.9 14782
157 79 2994 15319.4 269666
159 55 22581 21090.8 44541
160 144 15110 16119.1 38039
161 76 23870 47029.2 173985
162 81 13526 16995.0 50507
163 164 19454 19300.4 39761
164 8018 21546 48602.9 192427
165 97 24294 42233.0 909538
166 55 19043 22783.8 54146
167 57 16016 18979.8 53580
168 66 5581 17291.6 221535
169 63 20225 35516.0 175386
170 48 4299 11996.4 136616
171 466 32995 29161.2 77844
172 54 6412 10592.7 32749
173 103 16470 42145.6 538980
174 733 14401 69808.7 698823
175 47 81 79.3 120
176 82 23009 34921.3 150169
177 4015 10167 10333.1 18803
178 106 12517 18332.2 184429
179 91 756 4589.0 44133
180 187 14876 14661.8 30630
181 75 17361 93374.2 869950
182 2199 12489 17494.2 171916
183 4236 10456 35563.5 144758
184 73 14886 50705.6 832320
185 233 485 576.2 1358
187 58 13087 123401.8 1085679
188 69 24628 26928.1 65819
189 108 458 4338.6 30441
190 195 9128 15782.7 59088
191 1539 13467 16047.5 47717
192 328 29321 43762.0 272458
193 104 7967 15566.8 318285
194 54 4473 9827.3 170617
195 75 5413 5765.4 17699
196 69 13924 23809.1 85792
197 1022 9113 23873.2 366107
198 72 26477 27568.6 77296
199 51 9219 76579.9 416149
200 324 2982 21262.7 116396
201 206 20751 50169.5 549543
202 74 3769 10772.5 95178
203 51 15630 16178.3 44056
204 93 29428 27901.8 78620
205 2137 13632 42680.9 524990
206 58 10090 13352.0 196200
207 117 15018 27003.8 142706
208 63 10428 13573.9 130826
209 77 11944 20748.8 78280
210 4282 21534 22456.6 46523
211 109 12742 16577.4 41016
212 66 509 8952.4 74681
213 739 14976 37200.1 162789
214 98 163 2403.1 12473
215 122 314 4186.4 28837
216 522 594 2768.5 15314
217 71 13858 15863.0 36802
218 49 7772 22024.7 124081
219 49 113 8098.8 141886
220 3397 13577 69394.1 775556
221 165 25324 24221.0 78010
222 1648 11303 30943.3 471973
223 55 26777 37478.6 131128
224 126 23226 28128.7 78056
225 188 21478 38918.5 132850
226 125 268 8404.8 48960
227 3752 15738 14506.5 28944
228 215 17434 19625.0 69809
229 46 12395 24090.3 77340
230 52 8250 35351.2 335465
231 109 18073 35755.9 146719
232 661 16134 36852.2 226645
233 148 7436 20949.2 194447
234 64 10249 23046.8 131311
235 1908 10596 10157.1 20617
236 2194 11522 12902.0 30379
237 53 20861 27361.8 67815
238 64 4809 13466.9 140447
239 139 12261 20853.3 366961
240 76 6110 57278.4 385011
241 37 7100 9269.5 33311
242 70 13915 24190.4 130670
243 82 10281 26202.2 407205
244 65 27906 37164.9 178798
245 78 557 9882.8 44228
246 273 18601 37946.1 166843
247 47 748 11450.4 66362
248 55 434 7588.5 95119
249 87 12829 18001.1 75360
250 90 27241 41051.8 261916
251 83 467 2453.3 46910
252 1985 10845 16029.1 195529
253 398 28343 39379.4 282942
254 56 16768 30569.5 340599
255 74 14578 12940.0 28609
256 60 10659 9168.2 22227
257 173 15060 18137.3 67439
258 99 17592 17921.8 38628
259 63 17907 20947.0 135463
260 147 1524 12748.3 111665
261 48 9953 36453.1 363396
262 186 12431 61580.5 660073
263 1389 4871 10067.3 143010
264 35 23241 29339.6 68263
265 220 1648 32326.6 129231
266 115 175 9707.4 41073
267 92 11513 10611.1 25223
268 2044 12669 12824.6 24374
269 1187 7603 36768.9 364724
270 65 89 978.8 10497
271 42 452 11257.5 40691
272 5052 16854 35179.3 571727
273 90 10070 19819.6 262824
274 187 21533 25603.5 193608
275 51 12513 13939.6 48953
276 76 3726 40007.6 744612
277 80 921 10946.9 116267
278 1735 8653 33599.4 361350
279 64 18576 23990.1 224537
280 55 20424 18761.6 36872
281 3881 10664 10802.9 21699
282 79 6213 6777.4 18427
283 4188 19627 58537.7 583276
284 103 12938 12363.8 26056
285 3007 10638 13816.7 165137
286 114 8543 26303.7 153911
287 104 334 3760.8 47297
288 2955 12445 76486.2 585007
289 52 13735 19877.0 61531
291 42 7701 7139.2 17369
292 2327 12900 71395.3 444637
293 76 5359 10152.2 40045
294 77 9630 17836.1 60405
295 75 24850 23063.5 41350
296 70 9356 15076.7 39118
297 66 545 3709.4 53377
298 39 11632 17098.4 138947
299 52 15288 27108.9 396627
300 58 14891 33993.0 143098
301 89 14178 93285.7 1196643
302 51 4646 3757.9 15337
303 55 16205 30055.7 150535
304 358 24786 43077.1 137127
305 79 6709 18452.1 140572
306 138 10283 12888.2 33170
307 195 25786 44964.2 407301
308 95 293 7724.7 47323
309 63 114 1172.3 10850
310 72 16175 20049.6 49918
311 107 1051 6246.8 60732
312 135 7608 13200.8 47694
313 760 18771 31213.3 76461
314 190 22720 21795.4 43135
315 194 4108 11352.1 49196
316 93 19742 20491.9 47268
317 73 10728 12087.1 29150
318 47 415 10790.7 47978
319 80 4283 8677.6 26585
320 72 20184 35684.3 412685
321 117 20912 20109.2 38543
322 73 23070 18795.9 46799
323 59 18782 15283.7 46455
324 618 21145 91475.8 1012719
325 97 12709 14647.6 46625
326 44 10936 20004.8 70400
327 168 12700 12235.9 20449
328 118 10161 18538.2 93113
329 97 11654 11979.8 42191
330 147 26061 24164.4 53331
331 299 1161 17992.0 148222
332 105 9593 28130.3 148104
333 90 12225 21771.5 235177
334 149 9114 11367.9 54245
335 53 11483 10452.3 28378
336 48 338 8294.0 66132
337 146 29681 43460.9 591875
338 45 239 7456.6 37661
339 74 37365 41252.0 109875
340 123 657 9436.4 55623
341 87 7285 7375.7 11185
342 63 4484 27184.5 145568
343 51 8133 7788.7 19135
344 124 2512 33711.2 236592
345 144 17576 34429.4 122272
346 277 691 9802.5 66652
347 105 6050 9335.0 45175
348 3446 9136 66027.1 769400
349 68 15473 22355.1 434667
350 579 25254 27310.1 76289
351 2374 12808 13838.8 31623
353 49 857 11296.6 55227
354 1667 6257 31728.1 329880
355 89 16605 15885.2 40365
356 51 30289 39634.5 287605
357 3582 13452 12834.2 19128
358 57 179 5178.3 26915
359 6133 25769 45493.6 179143
360 798 3451 13240.1 148615
361 44 52 52.7 66
362 201 391 5463.3 36615
363 93 12909 12987.8 30841
364 87 6262 19769.7 105080
365 43 10664 16904.6 69751
366 99 13300 13436.0 24601
367 65 876 3309.8 40078
368 582 9466 39226.2 444750
369 83 25335 39049.7 717987
370 67 21718 26065.0 79693
371 48 13997 16095.0 146297
372 390 11393 15464.5 41415
373 62 11766 43391.6 527736
374 54 106 11216.2 136916
376 74 27409 24322.4 55553
377 50 10089 8877.0 20475
378 80 8904 12668.1 40055
379 62 4962 7205.6 32268
380 64 13707 14194.8 26425
381 125 13526 16150.5 42606
382 63 3424 17621.4 221846
383 85 16683 19937.7 47976
384 154 7709 10708.1 41289
385 184 16964 34340.1 147840
386 90 17028 29594.2 262425
387 259 21380 39131.8 217512
388 914 11943 33844.2 427786
389 51 19235 19465.8 44388
390 157 26314 34985.5 126292
391 195 18922 17927.8 32146
392 72 19573 21218.9 54722
393 61 10640 23418.0 122155
394 95 17693 19255.9 68080
395 68 7028 7548.3 23506
396 250 1020 11001.1 126630
397 126 7966 9284.6 21001
398 61 4720 12793.9 357522
399 99 21098 35057.2 158181
400 1230 8539 32720.8 150128
401 589 18128 27543.0 233812
402 145 15061 22679.7 194242
403 48 4542 4581.8 11153
404 73 9052 15657.8 122600
405 69 7549 19628.5 351725
406 66 100 1606.1 29301
408 53 430 13085.4 55216
409 75 1429 13529.7 159703
410 64 18052 34374.6 305140
412 49 14051 17607.6 255186
413 223 25049 62413.8 1095297
414 53 84 583.9 6507
415 114 5880 44469.5 482623
416 58 4363 6826.3 25562
417 71 418 6843.9 46085
418 84 12728 21209.8 171556
419 115 584 6315.2 16036
420 104 18941 18666.0 43089
421 153 19054 18952.3 31688
422 3353 12542 12827.8 27861
423 4083 19755 18911.0 36327
424 63 5421 5944.4 18126
425 65 13915 57381.4 242836
426 1784 15886 24667.2 167520
427 157 5543 31511.0 171823
428 1785 26438 59661.2 246801
429 79 25299 26709.6 76206
430 806 10849 18531.2 93434
431 2575 7625 8055.0 15200
432 97 10434 68653.1 800526
433 55 15377 33895.7 122494
434 51 128 126.8 188
435 75 26269 26893.4 50076
436 48 160 4253.4 50875
437 149 22267 38078.4 302457
438 137 560 9495.7 61721
439 3031 8414 19520.6 332498
440 62 20707 35603.4 147626
441 124 4943 31273.2 239244
442 72 15033 17064.1 44248
443 48 67 75.4 130
444 163 18898 32602.4 365635
445 124 3390 12912.1 41234
446 153 20699 23064.2 66693
447 121 14549 14946.4 53137
448 44 17985 19475.6 105289
449 89 5269 9710.5 35122
450 86 146 8036.8 58596
451 57 16932 16684.8 43223
452 79 12225 45905.8 327703
453 81 667 7202.7 40919
454 236 25540 22312.3 52814
455 146 1091 8169.0 33672
456 92 181 631.6 2543
457 74 2449 19805.0 143178
458 42 14782 13900.2 28366
459 239 3938 63994.5 291817
460 48 92 859.6 8437
461 190 17198 18037.8 44428
462 65 7542 7427.1 17565
463 79 491 6007.2 64127
464 102 323 5362.0 29582
465 57 20129 24448.2 73617
466 1928 12850 43043.9 371237
467 50 20176 25279.6 73802
468 4542 16123 31279.6 199848
469 78 8887 10871.3 38765
470 82 17456 22309.0 149171
471 85 294 3413.4 36485
472 60 331 19908.8 73517
473 842 16888 23517.3 76240
474 68 7306 18103.0 87614
475 81 32333 48366.4 375784
476 3944 13460 19263.0 54179
477 54 5502 44144.8 205956
478 125 9561 22015.4 318714
479 8679 21072 21980.2 38605
480 64 16396 16289.1 30475
481 188 926 6947.7 67462
482 3118 11819 20753.4 429527
483 608 19878 115654.0 591743
484 75 13225 18884.1 303111
485 155 43452 67093.8 268518
486 54 124 5649.5 23893
487 79 18466 18807.9 35960
488 100 11956 20064.4 84386
489 54 146 7578.1 38730
490 3055 8517 12047.8 33716
491 56 38766 58614.2 147448
492 70 16401 16781.0 30877
493 100 176 3901.0 114526
494 67 9083 13644.7 58887
495 167 199 208.0 284
496 68 7538 34361.5 156932
497 179 17736 22696.2 55835
498 2969 8247 14291.2 44378
499 2416 14039 16059.3 40450
500 253 26842 34763.5 217001
501 70 85 86.0 106
502 43 97 4663.4 15969
503 48 2374 21707.5 116010
504 69 16997 20381.0 69008
505 48 107 1612.2 6067
506 310 24157 50186.6 376125
507 70 12771 13476.9 37464
508 169 10795 16990.3 82299
509 66 11352 34147.3 444976
510 544 10780 18391.1 67775
511 58 20921 15804.5 39717
512 44 25669 25384.2 86308
513 64 37549 51505.0 185139
514 64 18381 18316.8 40608
515 107 11700 10284.5 19780
516 44 12601 27365.8 611258
517 4508 11986 17000.0 42668
518 351 7462 10909.8 36583
519 46 15517 19347.1 67921
520 5063 10661 10661.4 16036
521 81 11867 12793.0 67051
522 269 42422 41541.5 95392
523 2021 18321 70510.7 808220
524 635 5815 22501.8 117371
525 968 14313 41605.0 235367
526 206 15100 37636.4 168841
527 98 19617 21023.4 66263
528 42 671 7414.3 66175
529 96 20545 68272.3 792496
530 46 9865 11861.6 37628
531 77 423 12373.5 272387
532 73 13853 16361.0 50742
533 728 21126 38105.3 276110
534 48 24515 30153.9 80793
535 55 85 107.8 233
536 74 26138 26503.7 82149
537 44 6915 15805.0 226290
538 2887 17254 47481.2 539073
539 108 18391 18381.6 58361
540 62 123 5033.5 26830
541 58 13581 22558.4 113573
542 444 16854 23591.0 93622
543 143 2258 11980.8 106891
544 68 18323 18201.5 37501
545 45 15736 20674.8 201642
546 69 7807 41222.6 606992
547 64 18286 40664.0 438996
548 54 8859 20947.4 262080
549 166 41453 40530.8 160337
550 2562 7446 12617.7 148874
551 117 15992 18861.8 48497
552 56 10289 23588.0 83188
553 62 543 13215.0 82321
554 57 2040 22767.2 189435
555 52 12737 59926.1 595952
556 48 11387 11530.9 23946
557 60 12083 11787.7 21378
558 1675 11021 11950.9 27606
559 11791 21306 22602.4 38680
560 47 4673 4622.6 15936
561 183 443 9404.6 39380
562 47 21637 21816.0 34394
563 1984 7907 10332.2 26356
564 52 26229 31624.2 91045
565 83 30677 33213.8 103382
566 64 22158 29353.2 344251
567 148 23152 19338.8 49932
568 64 1177 17871.4 146763
569 58 28275 26457.8 64226
570 59 9182 45790.2 121662
571 102 7409 7693.4 24859
572 89 2452 9620.9 231835
573 56 7864 24173.6 378804
574 41 64 7293.8 25606
575 53 1167 3628.6 28336
576 44 67 702.2 14204
577 130 23921 26659.0 68824
578 113 20152 19442.2 36438
579 108 17835 42823.7 244413
580 61 12978 27813.6 132451
581 66 16591 43894.3 156130
582 176 15206 15146.4 41212
583 47 5836 23548.2 135663
584 153 16294 20776.2 56847
585 479 1192 19847.1 73893
586 324 27351 36219.8 114922
587 227 24401 48604.0 213975
588 51 140 6544.9 34632
589 124 8509 16465.5 207106
590 63 13382 17324.2 52164
591 590 15625 57450.9 561511
592 180 33433 31720.5 82439
593 159 10525 13325.3 33139
594 68 25505 22759.4 58184
595 338 1544 30829.2 208477
596 85 15524 28016.0 450038
597 76 490 6553.8 55543
598 97 19788 30167.5 255089
599 451 24117 68361.8 895252
600 82 9059 11160.2 34607
601 47 17978 44522.3 826690
602 74 10467 9288.3 19114
603 4195 16453 18739.0 48613
604 92 13976 15136.3 27944
605 65 16625 30471.1 569661
606 144 5856 23337.4 71519
607 50 14041 43200.6 208137
608 93 9698 9757.9 28520
609 65 17600 16987.2 29132
610 243 886 16698.8 79250
611 46 16666 15770.5 42650
612 54 6917 37295.9 687171
614 69 5900 29938.3 367448
616 52 14277 31788.8 135089
617 91 17667 22646.8 58080
618 263 31556 57049.9 201830
619 63 4695 18005.2 127173
620 81 15384 14987.9 33729
621 98 1576 7107.2 106144
622 2582 11585 20818.1 357319
623 111 21584 21425.0 73396
624 156 15741 20732.8 280195
625 54 97 5826.8 16540
626 72 12842 12892.1 25173
627 54 4148 13757.2 211918
628 410 10974 40729.9 415665
629 56 16224 26862.6 100263
630 62 15253 22772.5 69329
631 258 22687 25512.3 142434
632 44 182 1532.3 26049
633 69 18634 44672.6 329399
634 194 651 11561.7 57694
635 2165 24463 69483.4 464619
636 4650 14168 18699.1 48849
637 86 34915 38020.7 182060
638 41 8374 45394.8 353967
639 71 25573 22842.3 63381
640 59 78 78.8 97
641 69 5171 8826.8 33292
642 54 3778 22022.2 240786
643 119 6674 20888.0 113047
644 3338 18384 27063.7 79332
645 100 115 118.5 144
646 99 466 6701.0 45789
647 56 7450 9170.8 30551
648 115 17587 51637.8 312178
649 56 38153 32978.8 76487
650 276 9290 28388.6 80720
651 66 11419 14853.2 94381
652 95 329 18503.7 131855
653 56 9518 9701.2 24625
654 88 16312 33898.6 194482
655 118 535 5648.2 35707
656 50 80 914.0 10618
657 184 18108 53866.1 875832
658 448 492 505.8 622
659 103 10110 12243.9 38216
660 47 12888 12605.3 24622
661 78 17773 16913.9 47297
662 73 18772 51259.7 395582
663 59 16269 19655.3 55415
664 76 15687 17625.0 40023
665 90 10483 12157.9 27387
666 59 8488 48828.2 310195
667 193 17880 29367.2 213368
668 81 3271 2568.5 7031
669 85 7536 11078.7 75958
670 73 8115 8764.2 19316
671 73 340 10897.2 60318
672 188 33915 31586.8 67376
673 148 19410 27249.4 93867
674 81 9967 13275.8 128464
675 62 31312 40485.2 533117
676 171 17096 27911.8 470852
678 205 24023 29700.7 96808
679 108 14374 16086.8 56462
680 1134 11826 45716.7 351176
681 39 4169 9757.7 230509
682 55 22980 39136.9 139582
683 93 685 9916.8 56847
684 166 18281 17382.7 44570
685 559 35130 63960.3 337741
686 54 15779 57284.8 633010
687 270 30497 54089.4 249939
688 75 10788 17396.5 59760
689 72 19085 21958.7 51706
690 276 25931 38007.8 92486
691 79 291 4218.0 68580
692 56 11961 34989.9 347607
693 448 15971 35179.0 480013
694 3570 14190 62185.6 388345
695 53 14902 19465.7 70659
696 69 22651 71109.2 290767
697 132 13161 17593.2 43241
698 113 11374 13298.5 36749
699 55 14546 18562.6 56884
700 163 511 6351.6 40986
701 70 8301 9489.2 33912
702 38 4163 9315.4 59873
703 71 28152 29218.6 64425
704 102 18697 21857.3 67950
705 43 19486 31372.2 283394
706 84 16668 17087.6 42988
707 53 12803 18893.8 287972
708 132 1780 10135.0 58146
709 121 19153 14575.7 36559
710 92 11271 28817.0 282794
711 149 10187 10529.4 26296
712 287 17177 18839.4 58436
713 49 14684 19292.4 211307
714 90 173 3014.5 15827
715 49 10485 10796.0 31543
716 58 8972 42069.3 328271
717 66 11317 16131.6 66103
718 166 10383 13405.8 42613
719 60 105 3991.0 24860
720 61 5134 13986.8 353684
721 87 23792 32561.2 266366
722 47 11612 42818.4 532453
723 229 20349 85519.8 1056762
724 61 7770 20054.7 448416
725 94 18034 34837.0 145566
726 56 21109 20420.1 44080
727 111 14197 14411.6 41015
728 61 1307 18273.9 194900
729 6711 19453 20960.1 49144
730 46 20806 45145.6 519287
731 1413 9342 32323.8 189487
732 41 16294 23254.1 408500
733 72 17208 21948.7 200747
734 100 612 16208.6 79774
735 85 585 6233.3 51156
736 2962 29780 26565.7 60652
737 52 14383 18944.0 55673
738 64 7532 7373.2 15941
739 64 7250 12362.5 40101
740 88 219 314.0 834
741 78 15634 15768.6 31462
742 63 23331 25482.6 68069
743 53 10056 15259.9 173859
744 278 32137 38014.5 115557
745 90 136 524.0 5789
746 227 9154 39687.2 162766
747 336 35585 58824.5 222273
748 73 10807 10170.0 22906
749 91 6145 8820.8 41733
750 52 2630 7918.3 37806
751 104 8350 10244.2 24799
752 164 5974 25279.3 373089
753 245 13642 22602.2 84641
754 54 5136 19418.7 152982
755 58 151 5144.5 28855
756 187 21270 19855.7 57071
757 554 16606 91132.4 646294
758 135 9555 30841.9 122704
759 116 735 13775.7 131147
760 60 11150 12886.6 31156
761 86 16485 39499.7 126866
763 69 11633 76177.5 702521
764 50 30037 30163.6 72551
765 84 1783 10503.0 56124
766 76 2429 7840.1 29227
767 105 8019 25470.7 142973
768 64 6241 9189.2 24730
769 89 11673 36243.7 392602
770 2981 12959 16594.5 43850
771 2109 17846 19344.1 45316
772 86 25256 31932.6 117019
773 51 20940 24183.7 56906
774 77 30245 28974.0 66895
775 203 7866 74351.0 938461
776 838 21816 58780.9 199308
777 65 14785 42196.6 163919
778 75 11853 15910.1 43003
779 274 6330 28303.1 156549
780 95 24767 45512.2 248504
781 161 13125 17061.0 39237
782 73 19009 65627.7 332188
783 3673 15244 15505.1 24953
784 1946 8979 28649.2 402130
785 40 11747 23467.8 104410
786 96 170 164.1 209
787 98 18672 20945.6 52454
788 59 165 6188.6 32849
789 49 13645 26239.6 107226
791 65 10818 17607.8 155002
792 75 1560 16497.2 126720
793 76 15326 27348.8 133993
794 54 9050 22783.6 204178
795 51 14592 34157.6 166550
796 2255 12467 32071.9 216557
797 104 6861 8833.1 27387
798 49 12920 13448.4 39292
800 904 10642 39849.5 517308
801 102 16800 69994.4 765477
802 104 38934 38675.6 111735
803 82 17456 33748.7 162716
804 101 7201 11862.8 167351
805 66 12560 16702.8 67017
806 49 19333 21414.9 177713
807 59 4160 7036.2 29668
808 82 13760 37496.6 169274
809 134 10990 15169.3 65654
810 100 14898 39755.6 666308
811 73 5782 23499.4 134303
812 489 1912 12863.3 121982
813 3050 28986 40519.4 345188
814 786 21364 91955.0 938594
815 185 866 15585.3 96945
816 46 10972 9820.8 29989
817 49 27700 56442.0 222084
818 83 31695 59631.3 464394
819 536 27007 29770.1 86441
820 4051 11738 13487.6 30453
821 60 19044 42839.5 432103
822 80 415 11069.2 83527
823 292 13398 41750.0 285624
824 116 5219 5597.7 19740
825 126 13218 20826.2 384424
826 647 18842 24411.5 60507
827 85 15690 44628.3 577445
828 77 9422 30902.8 181918
829 59 15338 17454.7 47737
830 775 13585 16452.2 45488
831 148 19184 31762.9 125909
832 103 29997 34674.4 132836
833 53 6010 6679.9 18762
834 115 749 17009.1 68019
835 8086 17220 25739.2 335077
836 67 36282 47029.9 165491
837 62 5968 15370.4 178167
838 100 8852 20597.3 89766
839 110 131 1484.7 5534
840 197 14121 34896.8 144690
841 56 10799 12873.1 32622
842 65 108 567.3 4583
843 110 20911 41465.6 160662
844 133 465 7250.5 130378
845 106 423 5768.0 39647
846 60 11672 25875.1 110322
847 63 3640 37420.3 517279
848 54 6041 10115.4 29401
849 46 122 2017.4 13020
850 126 21049 26448.9 105871
851 451 7396 22922.8 110099
852 2890 16856 64934.1 795388
853 2006 14205 15620.9 38893
854 95 15607 50871.0 393609
855 55 2863 4981.9 22796
856 83 19193 17180.8 47621
857 194 372 8008.4 42577
858 58 4863 25171.9 320552
859 2818 18374 57510.7 1074180
860 62 26435 30707.3 94320
861 3226 9358 10372.2 21819
862 173 566 12030.1 56556
863 276 10622 21896.2 97274
864 134 6616 9773.3 32918
865 61 6893 6697.6 16308
866 3099 14948 41934.1 434792
867 122 167 1839.1 28497
868 148 1165 8874.5 45686
869 51 16097 21718.1 258225
870 57 13160 12121.8 34255
871 94 24536 43164.9 188305
873 50 9681 29898.0 127433
874 42 14111 43008.4 855240
875 73 385 10162.2 60242
876 54 2721 14210.4 138058
877 2759 10568 32742.4 640893
878 54 22092 20699.8 42612
879 108 280 2664.7 20288
880 141 9668 27067.3 293992
881 1023 16707 24548.9 82131
882 1119 10600 28404.4 324910
883 71 11281 15231.1 49184
884 141 17253 29723.4 116211
885 1636 15557 26276.6 148862
886 49 5296 10444.3 235323
887 125 4152 5852.0 17220
888 115 22143 59336.6 268742
889 72 25192 44651.0 460919
890 186 9489 10826.0 24816
891 189 13551 16390.2 53329
892 101 11081 40250.4 149285
893 694 17144 42891.3 395199
894 62 21267 27730.1 288651
895 91 263 2244.8 27911
896 121 8720 25155.4 371107
897 65 1807 14655.5 90317
898 80 468 6504.8 48790
899 88 19663 24131.8 70524
900 184 5858 10517.6 35288
901 52 21048 28400.0 371932
902 49 2422 45185.1 221746
903 64 609 13533.0 64367
904 118 20110 22322.3 49758
905 144 6593 12105.9 38144
906 180 581 4452.2 30246
907 87 26533 27858.4 74790
908 70 23995 36822.8 173979
909 87 23853 52282.7 315986
910 89 17397 16803.0 28105
911 1726 7538 20008.1 208678
912 51 19366 22498.9 73702
913 61 19468 29807.0 358190
914 1369 20152 21046.9 48852
915 1315 19997 36225.6 259645
916 93 23380 39001.2 218508
917 126 7319 10062.0 35724
918 62 14491 60882.3 461935
919 50 21935 25009.3 116133
920 55 21038 31966.6 112186
921 65 7314 5434.9 16781
922 162 16930 23978.6 59571
923 339 11141 14890.0 119535
924 162 24580 37011.9 162472
925 2849 9635 9999.0 21984
926 99 25178 24834.2 45812
927 84 6244 9747.0 31874
928 98 502 12806.2 64306
929 45 24994 23839.0 56915
930 53 18877 23284.4 62177
931 45 11078 13629.8 39773
932 113 37592 46232.7 162458
933 156 592 10663.4 45788
934 45 18191 17938.6 42669
935 1532 7243 11408.5 35597
936 57 68 67.9 79
937 88 12649 14152.0 40619
938 41 11066 19666.2 224002
939 674 17293 24708.6 140701
940 53 3205 10797.9 58009
941 87 13855 13782.5 29422
942 65 12393 18055.5 178939
943 2542 10496 13003.8 32533
944 50 784 9195.6 112396
945 69 1041 9375.1 73579
946 72 28318 50502.6 182363
947 66 12031 14021.8 142236
948 148 6731 9500.0 33376
949 103 182 179.5 246
950 120 280 14813.7 76691
951 216 20217 26101.6 54426
952 45 214 14674.4 144159
954 57 100 3749.5 98694
955 53 5015 33217.8 683874
956 49 3961 5957.8 26802
957 85 367 6515.3 25698
958 77 16323 16036.7 37544
959 69 180 1706.0 22913
960 748 20035 38355.7 142439
961 52 5568 5262.3 11064
962 76 203 187.8 237
963 214 13283 25831.0 343075
964 46 7640 29637.7 118502
965 53 1286 5987.0 96752
966 55 33552 90734.1 361587
967 76 355 8599.2 49249
968 263 10312 24085.6 94077
969 77 5472 7203.9 28617
970 60 4708 7153.7 24735
972 67 296 5818.7 54070
973 45 54 54.1 68
974 105 12178 17119.5 62353
975 89 20914 33340.7 101886
976 86 17271 18172.3 50996
977 65 428 8722.9 95488
979 79 16521 22717.0 82078
980 61 2973 13847.0 83555
981 3894 13422 19293.4 296449
982 76 9130 14415.7 141240
983 5005 14197 13699.3 24633
984 80 9391 10123.6 32440
985 40 11116 10447.2 22805
986 111 16379 83940.7 696148
988 51 6073 25241.6 159524
989 1931 9542 16526.9 225508
990 175 1272 29253.6 160391
991 209 10673 22528.9 124434
992 155 1238 5558.6 100886
993 72 1083 14497.0 82174
994 103 24491 29334.5 83419
995 53 8482 22655.4 270056
996 108 18523 17173.6 47668
997 158 14158 26728.8 491074
998 147 27771 29279.6 72195
999 65 17945 19573.0 41218
