0 66 27831 34877.0 112174
1 2505 13727 18057.1 230831
2 1882 15410 13814.1 32839
3 808 30273 42125.0 287801
4 1278 8098 51937.9 241070
5 372 22276 46891.9 385283
6 1468 18603 52146.2 559578
7 2079 10348 14971.9 207246
8 4316 13252 16182.1 38970
9 487 27095 45618.7 156664
10 375 27252 42478.2 396317
11 730 27440 30960.6 88974
12 286 15068 30514.6 237810
13 2224 12963 14094.5 32643
14 305 20586 26179.8 63757
15 290 15152 17899.3 46178
16 166 32927 56829.5 492349
17 65 30789 58131.6 215435
18 6817 17760 22302.0 50414
19 679 27805 58636.1 218557
20 5772 20095 22270.6 48455
21 5250 22883 41203.4 135487
22 5395 18987 18269.7 36719
23 281 23474 83591.1 329383
24 83 32083 37925.1 109528
25 2891 26509 39081.9 567156
26 256 16170 29208.7 231362
27 171 33225 55776.6 177998
28 2265 12121 16005.0 198858
29 3793 10694 20736.3 376463
30 176 16653 17755.1 40235
31 1979 9970 20250.7 284959
33 6729 14257 18422.7 43657
34 133 27702 42032.7 391525
35 1492 16777 18825.5 49174
36 113 28031 28401.6 54862
37 1321 11444 33857.2 140548
38 4407 38121 35415.4 200855
39 190 10881 11989.3 23848
40 836 39432 51910.2 484871
41 6533 21383 21564.6 39815
42 54 111544 110239.6 317133
43 2577 8048 17342.0 157924
44 2858 14845 24620.3 204292
45 3360 13158 57086.5 493422
46 180 8297 29295.1 396544
47 4144 19094 27280.6 380727
48 113 29814 30749.8 75940
49 86 15999 26832.8 95892
50 2161 10628 17665.6 188051
51 96 23056 40151.2 153299
52 2209 11685 14059.5 39466
53 273 20222 23491.0 57839
54 3645 17345 15763.1 33904
55 4513 12793 14499.1 32550
56 374 23279 33850.1 90414
57 495 19849 24208.9 79396
58 169 37325 44160.2 303986
59 821 27309 28160.4 67147
60 158 14296 26718.9 509318
61 157 26795 67053.0 779519
62 1 25149 26214.8 98243
63 4859 16451 22565.8 176770
64 279 30599 32471.0 190405
65 191 33485 40961.3 129959
66 103 13673 18322.7 49257
67 219 13607 25775.4 351890
68 5663 13347 34665.1 137371
69 777 12897 32332.6 292391
70 2119 10640 12890.6 33235
71 863 26713 61339.6 339207
72 537 12343 20251.9 70420
73 290 21284 28490.8 183107
74 490 20491 41086.2 115570
75 467 27421 64889.7 550155
76 3213 15120 16367.7 41670
77 225 32747 31276.4 81082
78 4672 18417 18607.2 35607
79 135 12755 12462.3 25555
80 952 33756 74643.7 246928
81 175 38213 38148.2 89761
82 235 14012 16755.8 47274
83 92 9193 18166.8 311081
84 247 19764 26837.1 69612
85 407 28787 36619.3 234799
86 212 18302 30531.1 186433
87 1928 10908 40229.0 187264
88 352 38335 41245.3 124210
89 124 17852 20071.0 49240
90 816 18300 38553.4 153335
91 957 16098 51535.4 236527
92 141 18932 22300.7 65873
93 3774 20567 22916.0 62613
94 128 15663 17925.5 48423
95 667 29463 43981.1 142882
97 80 24154 43533.2 313804
98 635 26544 40055.8 145522
99 86 21133 30478.0 106796
100 112 14863 41556.5 194346
101 865 40377 44983.6 139323
102 495 36085 39011.9 109095
103 3764 18752 24590.0 156129
104 132 27763 48068.1 142608
105 128 20707 22579.5 49538
106 145 16555 31748.2 146192
107 277 21910 31467.4 100122
108 114 12491 16524.5 166308
109 273 56896 68871.7 185118
110 58 17805 35215.0 147772
111 1803 23816 72830.9 615630
112 3807 12226 12467.2 22357
113 798 65166 92684.8 759891
114 344 35173 67407.2 202384
115 2002 27792 46718.2 532261
116 200 20654 23035.4 48900
117 129 27341 27429.1 54030
118 363 20863 29737.5 208981
119 8086 37656 50396.0 148642
120 71 13844 21568.8 61896
121 54 17891 18064.2 55499
122 170 10123 41636.7 419801
123 67 16334 49222.5 132453
124 2943 13043 13121.1 19885
126 126 24599 59726.1 183269
127 4257 22704 29558.6 96440
128 5984 27227 61007.9 501686
129 282 15821 17298.1 41270
130 4445 12567 17054.1 43280
131 1389 8942 11997.0 34710
132 376 48533 62035.8 178520
133 4261 24588 35382.8 427510
134 636 29271 32672.0 93066
135 4254 17900 17802.1 35557
136 3422 16666 80151.4 936733
137 5601 17212 27705.5 317677
138 75 26904 41324.4 287210
139 289 21766 27087.3 64317
140 361 29096 28713.2 65072
141 117 26020 26245.8 46075
142 101 20730 29516.2 96673
143 2628 25224 41681.7 294173
144 114 19318 18620.3 40870
145 636 24648 28865.0 73598
146 88 15526 16583.4 36275
147 1568 34150 40744.3 304525
148 1226 21068 39816.7 157204
149 1183 17372 28344.9 389000
150 704 21819 53190.0 240132
151 4142 7658 18043.8 255607
152 3813 29882 45778.1 148414
153 238 14910 30786.4 280587
154 2796 33462 72453.9 260942
155 179 21675 23892.6 66671
156 114 19925 18481.6 38041
157 67 29923 31163.7 69766
159 156 18352 25490.9 222712
160 152 13661 18734.1 53701
161 222 25623 27579.6 74379
162 2882 16132 26301.3 239739
163 1865 17844 22598.9 161634
164 63 17786 18552.2 33378
165 204 14659 20446.3 289392
166 44 11533 18107.6 121410
167 6983 17440 17058.5 28294
168 191 13801 37596.2 167504
169 1289 37790 76103.7 275687
170 213 33767 42266.0 128397
171 277 26554 23056.8 61925
172 247 15466 40818.1 433497
173 2707 17563 111123.5 1439786
174 75 38328 61777.7 413726
175 2243 22441 90740.1 911933
176 599 42423 58019.7 163033
177 161 33705 30922.7 80787
178 171 28935 45153.8 413033
179 342 26650 47891.4 322218
180 340 17496 44665.9 213191
181 99 11195 60424.1 387156
182 2684 14696 33674.3 131246
183 99 24083 24309.4 52029
184 2048 12536 18415.5 139667
185 114 44050 49647.3 109872
187 1087 29399 40804.1 86999
188 622 23981 38526.1 370856
189 191 14748 25297.3 386430
190 228 39363 50163.3 161092
191 206 27271 33052.4 217643
192 488 36047 31861.2 100813
193 58 19240 20974.6 53226
194 105 23730 40408.7 117405
195 92 11069 46831.2 372642
196 73 22651 22258.0 43865
197 161 15970 15542.4 34397
198 316 18218 25507.0 75027
199 763 19825 28311.2 82193
200 366 28136 53804.5 429676
201 63 17593 25372.2 65668
202 373 20564 19319.6 40260
203 92 17460 47673.7 444845
204 380 19892 27144.0 68626
205 313 20832 47882.7 207270
206 133 15650 19296.2 49168
207 2411 19852 40276.1 139525
208 67 19263 26212.5 76206
209 436 30382 46417.2 181653
210 382 28154 28518.9 52629
211 77 9494 11524.5 24452
212 4065 16185 18312.1 41197
213 386 19809 22884.9 50753
214 2484 11716 15440.1 108158
215 1112 18498 39798.9 149635
216 115 27887 28355.2 61668
217 53 21688 24247.2 56016
218 3524 12645 16848.5 172457
219 99 23461 34587.0 485827
220 207 23032 23604.8 64186
221 3499 18157 26955.3 252528
222 1212 31017 44560.1 171316
223 423 14591 17993.0 56544
224 2415 13623 21182.8 134374
225 156 19192 18958.1 35807
226 1144 31589 54928.5 223886
227 263 18727 30526.1 100707
228 100 40554 96133.8 709955
229 278 18776 16677.3 41413
230 56 10628 18390.0 138158
231 201 25814 48733.2 484597
232 70 6870 25276.8 265529
233 111 22689 24318.0 61472
234 165 26447 30603.6 76576
235 5447 18248 20263.9 40514
236 815 20855 29576.8 93486
237 212 25810 27874.8 71009
238 6912 29903 27435.8 64283
239 1034 25458 38179.0 145575
240 3322 16275 26669.4 397452
241 65 28720 24360.2 52947
242 991 16328 40115.4 298395
243 126 8052 22898.4 286172
244 3008 12854 14314.9 34228
245 321 15105 26457.6 173439
246 3798 15047 22369.5 154696
247 4585 21927 36573.8 409306
248 9826 18691 37529.7 123569
249 466 18905 35084.5 128486
250 142 19221 25697.0 289138
251 147 16804 18350.9 45982
252 459 25948 32447.8 92285
253 548 21584 34314.8 103184
254 69 22241 41127.6 418735
255 299 28421 47140.6 166383
256 125 12838 14902.4 34662
257 3726 19793 19370.4 52555
258 412 36531 39103.2 94836
259 2207 20502 26680.9 273899
260 149 16884 18200.3 40849
261 2641 7688 23969.8 281641
262 2268 13165 12304.7 24347
263 4574 18557 16001.1 34031
264 867 22539 27941.0 84770
265 169 16522 35308.2 221024
266 5523 20815 23966.5 74189
267 3403 24228 60182.6 552109
268 235 18743 25720.5 176641
269 264 24089 55588.6 232721
270 1127 17328 34234.7 133739
271 48 20509 28331.2 114385
272 146 27341 33175.5 115233
273 4400 11828 41144.9 475812
274 48 31439 42801.8 128570
275 4435 23473 23804.5 42386
276 2751 17658 21438.5 56830
277 72 13185 14891.0 31057
278 425 18401 24133.4 78562
279 84 22963 44941.3 468638
280 2554 19465 23741.9 65294
281 2899 17805 21249.5 56286
282 408 19303 49145.7 224625
283 6203 19714 38295.1 128685
284 401 18560 25439.1 73219
285 139 16363 36889.6 132302
286 548 18684 34936.8 316768
287 1377 16118 17014.1 40626
288 73 23406 22948.1 38399
289 1754 19190 40313.8 312695
291 231 12426 16720.4 46728
292 741 16506 38573.9 150410
293 374 18137 24867.8 178648
294 103 30704 60939.7 293460
295 141 25384 27821.6 62083
296 7544 18646 22855.8 62969
297 137 20434 26012.1 69337
298 579 12778 24707.5 91729
299 62 18686 19159.9 36511
300 200 17329 16341.1 39510
301 3818 22407 54741.7 214718
302 102 25883 34053.1 114825
303 2730 23477 63537.1 889600
304 2752 15481 16249.9 40381
305 848 20750 34698.6 273161
306 159 25013 28200.5 70705
307 150 29987 61598.9 564218
308 152 27548 26426.3 45813
309 161 21905 24730.5 63696
310 1597 11268 29076.3 268654
311 214 29284 53460.1 361292
312 376 19254 48899.7 408592
313 177 15757 16123.7 31475
314 2986 9214 14137.0 248708
315 470 12939 34066.7 260544
316 92 21648 26702.4 250457
317 565 29298 36062.0 114704
318 1820 13890 17273.1 44927
319 718 21999 37526.1 129603
320 229 22910 28845.6 103343
321 1695 15870 30690.2 331644
322 1370 22918 98559.8 1143581
323 775 16318 26001.6 88752
324 90 19075 42556.2 269517
325 111 19421 20704.6 41209
326 2188 11885 17294.6 84694
327 1572 18241 27308.7 337984
328 4840 20612 23331.3 207171
329 47 25712 32410.4 231928
330 397 27442 29796.8 314298
331 76 11181 11751.2 24386
332 222 17396 28172.5 210318
333 385 35647 34213.0 81877
334 2019 21738 31271.6 242268
335 2374 15601 52139.3 270608
336 158 16588 29019.3 114065
337 451 42322 107374.3 1438505
338 3774 27423 25939.2 57478
339 2548 8606 13801.2 42106
340 73 36718 50247.7 177802
341 708 19138 33370.0 444583
342 2453 17563 25637.8 151368
343 203 14882 22641.0 230537
344 5595 14790 19049.7 198169
345 2649 16552 40413.7 237791
346 205 34926 34147.7 80667
347 64 18130 32982.7 307412
348 98 21599 40013.3 296419
349 427 28440 31286.0 84819
350 109 10996 13629.0 39052
351 2637 19817 46714.4 185528
353 2472 16007 22782.6 282428
354 308 36064 38051.2 91384
355 2573 21356 40162.8 133066
356 206 23595 25953.1 61392
357 5457 21628 21255.6 48398
358 734 24735 58177.4 581265
359 1111 9263 26612.8 407379
360 162 19055 19388.2 48336
361 558 19584 48761.7 185488
362 219 28518 44146.0 161706
363 1171 10654 35530.0 437088
364 85 17916 18112.6 38151
365 10680 20535 22445.4 46788
366 10733 29115 28640.5 48467
367 310 25560 25452.5 57220
368 46 26314 32876.8 92562
369 4004 17304 17106.6 32847
370 235 13308 20956.3 58141
371 181 22364 28298.9 110179
372 258 11483 12805.9 30817
373 1020 12445 23298.3 62319
374 102 18378 23106.0 62979
376 210 10177 23259.4 84222
377 134 14457 14466.9 27987
378 148 24778 35771.8 108829
379 2586 21154 27696.4 228689
380 85 27373 44240.2 160052
381 278 23171 24348.7 60688
382 156 23219 37628.5 358903
383 3593 30789 31784.2 82172
384 874 26477 34535.3 214692
385 121 22304 38856.0 471235
386 211 18823 18500.1 32669
387 469 42034 37972.4 75965
388 2194 14862 21939.0 197728
389 670 21269 31371.2 91757
390 1663 18895 25575.1 149794
391 67 45780 66271.1 243340
392 214 18704 20050.0 50621
393 2083 16673 13899.5 33851
394 129 31544 48897.1 304547
395 1810 15907 16688.9 39489
396 500 25631 48864.8 193987
397 122 22117 25496.5 69206
398 227 20690 21830.6 49155
399 4653 17103 51483.1 464369
400 2032 9361 12955.7 37165
401 2602 19379 19070.1 42142
402 103 20025 27602.3 226084
403 3222 23039 22761.1 42464
404 7519 20810 22200.9 40530
405 69 26136 42458.5 135032
406 1757 19274 66676.2 316321
408 164 12882 15813.9 132172
409 93 13330 17249.7 51193
410 115 14050 42465.5 717986
412 97 15051 16457.7 37548
413 131 55270 49427.5 158818
414 51 16844 43465.3 617156
415 58 24794 39464.1 267573
416 3101 7112 23466.5 300083
417 4033 15337 32801.6 433024
418 4722 21544 28723.2 92271
419 172 37406 74825.5 738681
420 891 18934 26913.6 89371
421 2247 14972 43914.5 533501
422 417 46120 53146.8 267522
423 2504 18535 22662.5 138682
424 2517 15850 25066.8 267407
425 1988 16451 27698.2 106539
426 66 30261 52479.5 216004
427 197 33309 54787.2 340389
428 74 21417 25148.4 200977
429 517 11194 39901.5 479123
430 1886 13499 44865.0 709118
431 3495 21353 25030.6 64854
432 161 40723 46017.2 137940
433 842 22068 55849.4 581013
434 748 25790 31929.4 79405
435 3673 10813 24968.6 87484
436 313 28773 53851.8 535073
437 91 12900 12411.9 28254
438 317 18125 21402.6 51602
439 312 29142 29727.5 65793
440 169 17488 25477.4 208719
441 308 14889 45838.3 457393
442 2376 18124 32845.3 342377
443 177 26030 53132.7 279904
444 541 22859 27868.5 117861
445 103 22377 21761.7 97384
446 154 27810 27241.6 60544
447 383 31166 32335.4 155995
448 243 17173 18874.1 50915
449 111 22937 28117.6 68183
450 211 14038 15764.3 35677
451 807 38839 37037.2 100418
452 85 8225 20809.7 213990
453 431 30270 30562.5 68232
454 138 26126 31090.4 84788
455 558 14585 22368.5 110976
456 62 13006 15686.6 41770
457 1776 11742 45238.4 210792
458 137 10819 26885.6 373419
459 87 13770 15309.2 39123
460 240 22242 26827.9 90137
461 140 8893 20295.8 79036
462 2993 18769 28069.9 168215
463 122 18553 18946.2 43121
464 375 26207 37152.1 110896
465 515 17661 26318.6 93220
466 53 17978 34039.5 548946
467 2518 22064 31847.8 193604
468 57 14348 23534.7 247997
469 128 15304 48199.3 332544
470 138 28369 48029.0 153643
471 174 12820 37195.8 487421
472 395 29048 39808.1 119170
473 1730 20054 51719.8 220260
474 158 15003 21920.7 119028
475 145 25456 26364.6 61589
476 5979 22131 25858.0 61772
477 359 27254 28051.4 57881
478 8042 35586 45576.3 117938
479 541 14237 22725.6 252249
480 1455 16806 38606.1 173290
481 1728 13936 31819.9 128363
482 1996 13916 56624.9 788477
483 2603 12372 12647.8 26435
484 313 27016 30269.3 57393
485 61 24596 28102.5 68715
486 1798 20971 22225.8 57303
487 135 20941 27513.9 95679
488 1259 21137 54879.5 396201
489 412 14566 15662.8 36652
490 246 16097 40840.0 167520
491 356 11214 12411.8 29788
492 66 33309 44683.7 119377
493 137 12311 19711.7 62738
494 163 20251 40116.3 559828
495 89 20322 42699.7 262045
496 62 19097 38342.8 156131
497 322 21117 30772.1 267568
498 907 36639 48732.6 259027
499 697 20039 28747.5 97192
500 190 36998 59288.1 475299
501 1080 13244 47947.9 399261
502 477 25166 28225.2 250227
503 2535 12074 47933.5 499545
504 359 14335 101556.2 977058
505 284 39713 46468.7 122819
506 932 20580 29835.8 128023
507 7278 24617 31748.6 80274
508 1440 29707 46760.3 124331
509 155 17381 23210.8 126938
510 220 24945 36857.8 356970
511 4573 31242 29516.6 64929
512 1114 19854 30918.3 85904
513 298 37235 56064.3 234887
514 88 13504 29957.8 496129
515 188 22806 27686.2 73689
516 497 15704 36498.2 133779
517 100 16838 19448.0 52369
518 171 22727 23267.0 56050
519 2459 22271 24267.4 51624
520 66 16317 29089.1 539945
521 4306 18317 20591.4 51917
522 75 22663 36527.5 128636
523 2762 18126 23232.6 63263
524 339 17369 35678.1 379519
525 4120 10070 15731.2 46911
526 526 33112 71311.1 725831
527 83 15218 39262.2 447030
528 93 15892 18370.8 51330
529 4875 26184 21930.0 53099
530 2774 13360 32841.1 141795
531 2352 20884 27524.7 266344
532 612 29012 47266.5 196846
533 124 28844 35016.3 219463
534 3303 21187 54770.8 519652
535 156 12587 19123.4 143931
536 2032 13963 24412.4 240095
537 745 33552 53875.0 456146
538 2826 9024 10276.7 23843
539 69 20573 41744.1 159404
540 1024 20704 40785.8 150052
541 96 42160 55781.6 228865
542 4791 16022 18802.3 49526
543 72 84795 80905.1 231521
544 214 17766 26410.3 260114
545 3874 26878 44125.8 145030
546 1011 17019 28826.1 119856
547 106 22112 24249.2 49486
548 162 20693 26538.3 299446
549 194 15519 19643.2 53217
550 6659 24964 35610.6 396253
551 120 19673 65805.1 340215
552 246 26471 27125.4 53920
553 82 19600 23375.3 57167
554 440 25045 26784.6 82231
555 1938 10632 10948.5 22896
556 1284 14312 35929.4 141637
557 2326 23238 44260.1 205819
558 2069 15749 35806.8 109515
559 666 22004 23930.8 64385
560 2028 13603 44865.1 384714
561 107 20710 21324.9 45963
562 2056 8536 17852.4 61959
563 110 15885 23815.6 71607
564 2157 7029 11814.2 37782
565 65 13003 22807.8 337650
566 181 27136 30271.7 70450
567 253 39041 52183.1 170407
568 198 33025 52363.0 176201
569 227 39799 43589.0 102873
570 1318 16930 34212.8 243689
571 831 20024 56635.5 397295
572 1095 11806 36021.8 489243
573 490 21981 33448.0 171361
574 538 18108 39448.0 440194
575 3891 23658 22154.6 54343
576 181 17694 39731.2 834028
577 110 48063 64445.6 468290
578 10149 17129 18734.5 31722
579 257 32576 61512.9 162554
580 920 11035 25921.7 102505
581 4878 14959 16188.5 37825
582 496 26500 29630.7 81001
583 3056 11344 18481.9 56312
584 75 18897 17357.1 34928
585 286 10323 13615.6 37223
586 1056 20031 36980.6 132760
587 103 17317 17819.6 37446
588 1952 16821 39305.4 153491
589 53 21046 41435.7 152787
590 53 24038 43051.7 136705
591 63 31384 105257.9 1237766
592 428 23515 24733.5 54132
593 88 14114 16513.8 42090
594 187 26724 30206.7 80168
595 171 12734 56279.0 605831
596 3929 29899 111813.2 1184425
597 1273 11266 19517.5 64071
598 62 25298 37487.5 294505
599 3318 28351 50221.3 170571
600 167 22194 34258.6 235570
601 124 28805 26711.2 52414
602 776 15329 25134.5 95579
603 71 18867 33280.2 339190
604 1952 23648 51099.6 201664
605 78 20495 33006.2 99406
606 410 20841 34731.8 215777
607 2621 15031 18911.5 158393
608 101 15972 22993.9 76260
609 69 14909 20619.4 278248
610 1028 15601 20365.4 54843
611 3086 12343 23517.6 252816
612 2456 11999 24767.8 88170
614 168 23745 44893.2 134623
616 1251 18154 22633.6 210802
617 167 25736 24450.0 53144
618 1416 17852 54040.3 663321
619 98 32202 26403.3 70046
620 906 15716 30880.6 187396
621 252 22001 31830.8 197088
622 120 31382 151454.1 1469973
623 111 9700 9856.9 24760
624 245 20473 22752.9 54186
625 709 14863 34402.6 95407
626 115 12291 53082.1 228790
627 401 15784 23387.1 54429
628 238 31548 36917.6 399229
629 156 39182 64019.6 164847
630 255 17962 30800.6 90085
631 178 30708 53714.8 159634
632 569 37177 34662.7 92395
633 6457 22619 27845.8 63935
634 3795 28533 28129.9 51122
635 7802 28666 31922.5 70462
636 262 17975 21270.6 61372
637 766 26450 82116.3 679394
638 2718 16297 20353.5 213894
639 5102 22763 29263.6 346456
640 1655 7892 9089.3 21845
641 1821 20121 30222.0 222255
642 3862 21408 25048.4 221347
643 1812 9123 24405.5 475377
644 712 20549 31773.7 102432
645 205 26216 30559.2 78746
646 5790 16832 18064.3 35948
647 2624 8799 21521.5 277794
648 201 20971 31297.3 100125
649 450 23261 32976.2 228985
650 224 20159 42017.7 146641
651 379 21475 27496.6 84354
652 992 26854 60569.8 365178
653 2118 18019 29278.6 366526
654 584 25785 28785.6 70765
655 470 23302 25648.2 62454
656 7921 23176 22967.0 38705
657 1172 8220 65275.3 624300
658 736 24269 30943.5 225201
659 542 23104 28319.8 71985
660 2105 19607 54973.2 678021
661 134 26023 29552.4 72612
662 293 20258 23522.2 63551
663 843 13807 28620.0 270192
664 4244 15158 15165.0 25720
665 99 24926 44743.8 449479
666 462 24299 29350.7 70397
667 1 28331 40100.1 156920
668 2055 11033 25616.0 434150
669 2917 19728 24597.5 67747
670 130 18211 21935.4 323021
671 95 17123 23893.2 259993
672 277 15277 45544.1 224782
673 293 21114 26033.3 88279
674 183 23237 53485.3 1041648
675 125 24080 42170.9 139247
676 449 20325 25578.4 220114
678 140 14468 22018.5 319966
679 3662 22616 25337.3 56970
680 155 26766 41901.0 286514
681 219 21184 53451.0 357824
682 146 20169 19741.1 41523
683 70 27548 36884.8 384351
684 239 23124 23118.1 39453
685 119 27551 28812.2 57145
686 3579 16327 22839.6 297831
687 224 19196 85912.7 860895
688 801 21720 38898.1 148533
689 2177 19752 20952.8 48785
690 618 22351 28455.9 80160
691 109 28366 32214.8 76097
692 45 29528 63920.4 406775
693 3766 13756 15508.8 36141
694 2635 13426 17583.7 205939
695 203 20322 80815.1 346598
696 122 28759 34405.9 108507
697 104 11459 11846.1 26445
698 891 19707 47973.2 191911
699 225 20804 21858.1 54490
700 5479 14269 23439.2 70789
701 633 24945 44966.3 182491
702 58 18776 22288.4 58259
703 4080 19799 23255.2 57978
704 369 25904 25403.4 42442
705 122 16059 23653.7 57915
706 313 17874 21889.0 234725
707 241 20577 19037.1 47706
708 220 25451 48998.0 168006
709 3606 10786 23177.9 79944
710 158 14930 34507.3 104386
711 522 30163 36933.4 102507
712 1115 10377 36487.9 198940
713 561 21895 45196.2 280701
714 76 23916 41659.4 212741
715 122 19221 18380.0 32740
716 122 24479 37959.1 117090
717 539 28071 33614.4 119478
718 56 19873 31017.6 522246
719 115 36534 40331.5 79749
720 101 8613 18254.3 68863
721 133 16055 16206.1 39316
722 1147 35664 42053.1 419128
723 302 18776 29724.3 95194
724 254 19531 32361.0 314569
725 2657 12879 18115.1 51559
726 145 18794 47113.4 533148
727 855 17220 44115.7 385193
728 64 22666 21460.6 50300
729 4464 25627 27872.1 196301
730 215 29529 49223.6 190199
731 121 30807 37108.0 88467
732 89 15791 29095.9 107625
733 1506 26224 37166.0 160871
734 4375 29152 25231.1 58761
735 370 49964 64911.6 199589
736 114 18661 18223.7 31950
737 3757 23510 29705.8 82495
738 934 15883 33592.0 136584
739 124 12338 17367.5 101120
740 118 40151 50398.3 158120
741 4594 17663 102977.4 1124314
742 328 25445 46270.6 157776
743 6842 28120 47306.5 150869
744 203 16520 17248.3 37043
745 174 20925 23941.1 72932
746 184 15145 14541.9 31786
747 2522 31229 123643.6 909377
748 143 14287 35595.9 460646
749 8657 27366 93794.2 870983
750 489 33175 58177.4 296115
751 126 26371 44071.1 155419
752 165 22690 33300.8 105518
753 232 20065 19330.2 37403
754 217 28487 42076.1 712029
755 119 27488 38143.5 112781
756 2024 19635 60395.9 612214
757 158 21295 33467.8 141397
758 122 6948 12281.5 148669
759 175 27093 31752.1 83176
760 155 9995 46336.3 601212
761 864 18649 45063.9 174216
763 217 9460 12082.2 35206
764 6207 16355 17710.4 32585
765 158 31337 39213.4 99619
766 473 25287 24204.3 49533
767 435 16075 20423.1 48289
768 191 17210 20403.2 50435
769 937 15051 26506.5 71663
770 71 20020 18856.1 45032
771 4444 27024 105867.5 1127267
772 144 18001 40582.8 395063
773 579 24547 30828.4 82029
774 97 17926 18793.3 38426
775 63 9018 25184.9 352565
776 124 10403 18376.2 66058
777 415 19844 31626.2 107628
778 5140 18764 25637.3 237924
779 2184 27173 28462.5 184507
780 5225 25215 24681.1 61800
781 745 15939 44167.5 192482
782 188 11456 40042.2 329914
783 67 17654 20902.6 56815
784 203 14961 32954.0 362364
785 1383 14574 33767.0 387483
786 286 15189 24639.8 81986
787 220 19078 22540.3 53752
788 1882 21695 26271.4 239026
789 7042 18596 24979.8 62048
791 3609 22375 25585.6 68475
792 782 36496 32550.8 91940
793 415 23193 30788.8 209742
794 2921 15234 26795.4 306744
795 82 26105 35675.4 285500
796 84 15759 19513.3 199551
797 2846 18211 39195.4 369111
798 2233 61595 63350.4 184153
800 144 17630 36276.5 507117
801 68 9499 19093.4 235988
802 3924 25397 32261.7 294249
803 126 16863 20940.5 51222
804 291 16907 20902.5 132192
805 347 35246 32962.0 101629
806 167 15662 47281.5 166721
807 3718 13475 16294.0 40617
808 403 24968 37724.6 431553
809 170 25473 31583.6 77210
810 198 18426 39627.3 147135
811 5697 17726 22239.4 55108
812 3696 21842 29661.3 91660
813 624 19866 37817.2 320380
814 639 17465 31380.4 169943
815 2317 11586 59193.0 562300
816 342 41228 42229.1 93748
817 4285 16069 25332.8 286023
818 244 29887 43047.1 158592
819 657 43534 65251.1 516947
820 179 15698 21976.1 62225
821 3368 15692 13171.5 33872
822 140 19821 25649.8 75342
823 136 8456 13850.8 38622
824 2572 20733 20508.2 42307
825 1217 28561 25748.7 72510
826 691 12936 22821.1 248220
827 1576 17028 31960.9 146684
828 4182 19156 19196.6 35205
829 152 35228 44325.1 349070
830 450 28029 49117.9 171097
831 536 22772 38589.3 166141
832 141 16139 19637.8 102153
833 2809 18290 17747.0 37397
834 92 52747 58881.8 178619
835 2667 10166 36546.6 341603
836 503 18033 56818.1 189717
837 220 27292 45762.1 169451
838 112 20873 22182.8 60757
839 51 19776 43878.7 166153
840 3160 8509 20479.8 177838
841 221 14970 20206.0 55565
842 648 14135 20864.1 69807
843 4012 20157 24806.2 199088
844 2874 11344 13381.8 38839
845 142 22798 22226.2 36863
846 87 31963 39950.0 102617
847 567 29434 45720.5 113154
848 1870 19287 25186.2 238439
849 137 30441 47441.9 163910
850 122 17659 30833.8 228997
851 532 19918 26678.0 64861
852 55 21426 56102.5 258751
853 2113 9433 15801.9 50938
854 89 22069 21031.2 42640
855 325 30147 63597.6 243287
856 198 12978 24628.2 76686
857 404 27953 36975.1 91076
858 1377 18605 29459.8 197425
859 88 23532 47929.6 200081
860 320 22722 24703.9 64202
861 2373 10332 19389.6 75492
862 2392 15245 38547.2 352036
863 1703 32541 47954.2 155809
864 5137 16875 22988.7 251894
865 4379 13500 15263.1 35514
866 491 22186 28129.6 72992
867 2579 14323 22967.6 315710
868 519 26765 45699.5 180406
869 72 15466 15004.4 25645
870 77 19622 42689.5 182549
871 217 35308 37766.7 104710
873 45 19804 41457.3 137466
874 459 31553 36462.6 100527
875 581 19575 34327.5 350787
876 630 12849 21928.0 73512
877 2731 9878 14540.2 44512
878 4151 12509 13353.1 26763
879 255 16335 23144.0 303538
880 587 14347 23917.5 170144
881 195 28844 39380.8 108535
882 3049 23949 74253.8 581802
883 82 21027 29379.6 90659
884 1757 21938 56664.0 216149
885 5233 24649 26926.0 62973
886 102 24530 34296.9 391891
887 3114 14370 16041.4 36381
888 568 14223 19767.2 65307
889 205 14012 49443.6 216531
890 252 19698 24010.4 61362
891 61 20431 58824.1 236357
892 1964 22194 84565.7 778201
893 715 37187 38976.4 84588
894 1427 18182 29664.0 87186
895 1955 7422 41422.9 224322
896 177 23421 27135.0 71312
897 1137 16770 27217.3 260035
898 52 16709 107213.3 913303
899 969 49089 85047.6 572955
900 56 11917 46706.5 242845
901 257 13922 20718.4 265584
902 643 19645 21056.4 54326
903 183 25830 70788.8 362402
904 142 33973 38572.8 103745
905 5388 14891 15133.7 27867
906 186 18828 22694.3 63489
907 265 30434 40832.7 222047
908 1989 11126 19152.3 368435
909 4217 13087 24282.8 249170
910 1217 13887 31997.2 166205
911 220 14651 20113.9 257999
912 220 23356 43513.2 234518
913 3645 21738 41459.3 143158
914 217 21043 21571.6 48519
915 6012 30070 49621.5 150183
916 3678 13407 16534.6 40138
917 368 26646 41276.1 224007
918 181 25105 109490.9 880391
919 6482 24702 26773.1 54065
920 87 39281 93397.1 333559
921 3361 12070 17921.5 53148
922 3840 24304 23694.2 44686
923 49 19485 41106.4 149210
924 102 13301 13945.8 34655
925 1275 45367 48849.7 322640
926 651 27859 34121.9 95360
927 613 18594 34703.4 158779
928 57 16862 38591.9 447114
929 1151 32414 57070.2 325088
930 691 24016 24456.1 70761
931 227 43578 58639.7 167698
932 138 21517 22803.6 52552
933 2586 26421 27171.8 62727
934 44 35242 55546.0 317203
935 3730 11667 48624.9 707819
936 539 20332 33317.1 106823
937 102 17349 29841.0 106946
938 1534 18317 35322.5 127325
939 184 42073 41156.8 86193
940 127 32998 39485.8 98488
941 3145 14990 23614.2 196022
942 217 21484 21263.4 53934
943 91 28717 51307.0 181590
944 179 39056 51456.0 450027
945 265 43552 58499.1 183127
946 75 20061 19081.9 42312
947 2152 27623 34331.4 188864
948 154 23864 26486.4 67615
949 588 46822 54781.2 131621
950 57 31449 62099.9 152485
951 3003 11588 12950.7 31305
952 104 18523 21047.0 51032
954 1464 27023 58529.3 219997
955 140 10590 28992.5 381921
956 3825 11803 12275.5 25152
957 4152 19759 20342.7 41315
958 3073 16447 39136.0 146280
959 88 20714 34119.4 112268
960 1033 15311 27723.4 127376
961 1007 15968 26345.3 92378
962 1468 32769 42273.5 354446
963 262 16434 47942.0 265302
964 1903 12177 14335.9 36842
965 482 22779 24182.6 50935
966 117 20680 42116.0 160922
967 6105 27967 41668.5 426342
968 10470 21952 24489.2 47258
969 6273 21635 23182.4 44475
970 524 27047 45627.3 173903
972 1809 20532 23706.2 57707
973 90 20792 28617.3 78895
974 268 31910 31887.8 70958
975 866 21988 44178.7 131245
976 978 17854 62059.9 360799
977 1086 16696 46746.8 172708
979 2346 16340 28244.3 459591
980 365 27254 56818.6 1051896
981 3276 18211 25288.3 74572
982 127 18176 20048.5 44120
983 126 11976 32584.4 141535
984 3244 12001 26154.7 341939
985 59 23704 48995.7 172543
986 6021 19001 24009.7 56708
988 234 31172 30898.1 75907
989 392 43244 58076.8 200981
990 1200 15303 42879.0 187086
991 249 27162 36646.9 126047
992 279 12202 17381.9 49083
993 524 16162 49478.2 676584
994 3147 12885 42598.2 290751
995 1416 11961 14714.0 110853
996 4352 11343 11247.6 23848
997 3286 27901 28210.4 73071
998 1779 19576 20531.8 43850
999 594 14641 31835.8 418090
