0 3.556 3.556
1 1.844 3.400
2 2.844 3.622
3 3.067 3.044
4 3.489 3.600
5 2.422 3.378
6 3.000 3.578
7 2.467 3.578
8 3.600 3.378
9 3.333 3.533
10 3.156 3.356
11 3.467 3.778
12 3.533 3.689
13 3.089 3.267
14 3.667 3.378
15 3.000 3.467
16 3.400 3.422
17 3.267 3.111
18 3.244 3.444
19 2.844 3.244
20 3.533 3.022
21 3.822 3.533
22 3.333 3.467
23 2.667 3.133
24 2.156 3.378
25 2.911 3.578
26 3.667 3.289
27 3.444 3.533
28 3.667 3.356
29 3.244 3.444
30 2.600 3.578
31 3.533 3.689
33 3.533 3.267
34 3.289 3.622
35 2.800 3.289
36 3.556 3.689
37 1.778 3.133
38 3.156 3.511
39 2.711 3.267
40 2.711 3.556
41 3.156 3.756
42 3.156 3.667
43 3.533 3.378
44 2.467 3.822
45 3.467 3.711
46 3.089 3.444
47 3.467 3.378
48 3.444 3.867
49 2.600 3.444
50 3.067 3.422
51 3.200 3.356
52 3.178 3.422
53 3.311 3.689
54 2.244 3.600
55 2.311 3.467
56 2.933 3.467
57 3.222 3.356
58 3.556 3.556
59 3.622 3.733
60 3.044 3.378
61 3.200 3.222
62 2.378 3.667
63 3.600 3.178
64 2.667 3.778
65 2.867 3.378
66 3.067 3.311
67 3.511 3.156
68 3.756 3.556
69 3.533 3.556
70 3.133 3.378
71 2.956 3.511
72 2.778 3.556
73 3.511 3.644
74 3.467 3.311
75 2.178 3.489
76 3.467 3.733
77 2.711 3.311
78 3.311 3.711
79 3.222 3.800
80 3.733 3.733
82 2.378 3.511
83 3.844 3.422
84 3.756 3.333
85 3.756 3.022
86 2.889 3.578
87 3.667 3.289
88 3.822 3.378
89 3.911 3.400
90 3.333 3.333
91 2.889 3.556
92 3.756 3.067
93 3.489 3.156
94 3.467 3.644
95 2.911 3.444
96 3.800 3.600
97 3.067 3.400
98 3.022 3.511
99 1.889 3.422
100 3.600 3.800
101 2.933 3.511
102 3.111 3.467
103 3.467 3.133
104 3.578 3.333
105 2.822 3.578
106 3.067 3.378
107 3.422 3.467
108 2.356 3.689
109 3.178 3.178
110 3.711 3.422
111 3.222 3.533
112 3.267 3.600
113 3.467 3.467
114 3.133 3.378
116 2.956 3.333
117 2.044 3.689
118 2.444 3.267
119 3.156 3.311
120 2.711 3.689
121 2.489 3.444
122 2.289 3.400
123 3.089 3.400
124 3.800 3.489
125 3.667 3.422
126 3.067 3.644
127 2.400 3.244
128 3.511 3.511
129 2.956 3.444
130 2.978 3.422
131 3.000 3.600
132 3.600 3.778
133 3.422 3.444
135 2.956 3.022
136 3.356 3.422
137 2.689 3.489
138 2.622 3.244
139 3.200 3.756
140 3.667 3.311
141 3.467 3.667
142 2.600 3.400
143 3.289 3.133
144 3.733 3.400
145 3.533 3.578
146 3.533 3.711
147 2.489 3.089
148 3.667 3.244
149 2.978 3.244
150 3.222 3.844
151 2.178 3.289
152 2.533 3.044
153 3.378 3.400
154 3.333 3.667
155 2.711 3.489
156 2.844 3.044
157 2.467 3.311
158 2.911 3.333
159 3.511 3.556
160 2.200 3.578
161 3.067 2.933
162 3.356 3.356
163 2.756 3.489
164 3.578 3.156
165 3.222 3.467
166 3.378 3.222
167 2.667 3.489
168 3.133 3.467
169 3.422 3.511
170 2.667 3.000
171 3.600 3.200
172 2.756 3.356
173 3.422 3.289
174 3.156 3.289
175 3.956 3.533
176 3.511 3.444
177 2.267 3.400
178 3.600 3.422
179 3.311 3.578
180 2.622 3.800
181 3.133 3.222
182 3.111 3.200
183 3.356 3.622
184 3.467 3.178
185 3.467 3.333
186 3.000 3.378
187 2.978 3.444
188 3.311 3.556
189 3.822 3.533
190 3.800 3.733
191 3.022 3.733
192 3.756 3.356
193 2.667 3.422
194 3.000 3.289
195 3.400 3.289
196 3.533 3.644
197 2.667 2.844
198 3.333 3.533
199 3.333 3.289
200 3.689 3.800
201 3.600 3.289
202 3.667 3.467
203 2.822 3.444
204 3.267 3.622
205 1.778 3.511
206 3.156 3.444
207 2.244 3.556
208 3.178 3.489
209 2.400 3.467
210 2.578 3.244
211 3.267 3.578
212 1.867 3.467
213 3.311 3.444
214 3.800 3.356
215 3.111 3.333
216 3.244 3.644
217 2.556 3.956
218 3.556 3.533
219 2.822 3.133
220 3.844 3.400
221 2.244 3.533
222 2.578 3.711
223 3.667 3.356
224 1.867 3.956
225 3.556 3.267
226 2.067 3.778
227 3.800 3.378
228 3.267 3.511
229 2.333 3.689
230 3.556 3.578
231 3.622 3.644
232 3.711 3.333
233 3.533 3.289
234 3.578 3.689
235 2.244 3.511
236 3.311 3.489
237 3.067 3.222
238 2.956 3.111
239 2.667 3.756
240 3.222 3.422
242 3.511 3.689
243 3.289 3.089
244 3.156 3.111
245 3.311 3.733
246 2.222 3.067
247 3.267 3.756
248 2.200 3.511
249 2.378 3.244
250 3.111 3.533
251 3.556 3.311
252 2.244 3.978
253 3.244 3.867
254 2.000 4.067
255 3.133 3.022
256 3.133 3.356
257 3.689 3.622
258 3.489 3.711
259 3.422 3.200
260 2.933 2.956
261 3.222 3.533
262 3.556 3.578
263 3.711 3.578
264 3.689 3.778
265 3.889 3.467
266 2.867 3.156
267 3.400 3.689
268 1.778 3.800
269 3.378 3.267
270 3.244 3.400
271 2.111 3.444
272 2.956 3.422
273 2.622 3.356
275 3.044 3.733
276 3.600 3.444
277 2.933 3.533
278 3.156 3.533
279 2.867 3.489
280 3.689 3.422
281 3.556 3.422
282 3.933 3.778
283 3.111 3.644
284 3.378 3.444
285 3.556 3.111
286 3.044 3.289
287 3.756 3.533
288 2.556 3.267
289 2.844 3.489
290 3.956 3.756
291 3.622 3.467
292 3.933 3.444
293 3.800 3.511
294 2.800 3.400
295 2.422 3.289
296 3.378 3.311
297 3.733 3.111
298 2.778 3.422
299 2.756 3.444
300 2.711 3.689
301 3.667 3.422
302 3.756 3.556
304 3.422 3.222
305 3.111 3.711
306 3.289 3.578
307 3.244 3.800
308 2.089 3.444
309 2.889 3.400
310 3.289 3.578
311 3.111 3.422
313 2.800 3.356
314 3.133 3.356
315 2.911 3.356
316 2.756 3.333
317 2.644 3.289
319 2.800 3.289
320 3.044 3.444
321 3.844 3.044
322 3.333 3.111
323 3.667 3.244
324 2.244 3.911
325 3.422 3.733
326 2.444 3.689
327 3.311 3.200
328 3.022 3.578
329 2.556 3.356
330 3.333 3.067
331 2.911 3.689
332 2.667 3.222
333 3.511 3.089
334 3.844 3.422
335 3.044 3.378
336 3.600 3.378
337 3.644 3.400
339 2.933 3.711
340 3.200 3.578
341 3.600 3.533
342 2.200 3.467
343 3.267 3.822
344 2.000 3.667
345 3.289 3.444
346 2.467 3.689
347 3.333 3.378
348 3.822 3.400
349 3.333 3.422
350 3.311 3.533
351 3.622 3.356
352 3.267 3.467
353 3.556 3.933
354 3.089 3.422
355 1.956 3.467
356 4.200 3.289
357 3.244 3.178
358 3.711 3.578
359 3.400 3.800
360 2.933 3.289
361 2.756 3.311
362 3.356 3.222
363 3.400 3.289
364 3.222 3.511
365 2.622 3.378
366 3.378 3.511
367 3.444 3.289
368 3.422 3.422
369 3.067 3.533
370 3.244 3.600
371 1.978 3.533
372 3.556 3.733
373 2.244 3.600
374 2.467 3.533
375 3.156 3.356
376 4.000 3.467
377 3.800 3.556
378 3.533 3.311
379 3.000 3.378
380 4.044 3.444
381 2.756 3.133
382 3.533 3.289
383 3.133 3.733
384 3.311 3.200
385 2.756 3.778
386 3.133 3.622
387 2.444 3.756
388 3.378 3.578
389 3.844 3.244
390 3.311 3.689
391 3.689 3.422
392 2.178 3.467
393 2.956 3.378
394 3.333 3.556
395 3.711 3.667
396 2.422 3.689
397 3.756 3.756
398 2.422 3.689
399 3.089 3.156
400 2.111 3.511
401 3.711 3.311
402 2.267 3.711
403 3.378 3.356
404 3.422 3.489
405 2.333 3.444
406 3.511 3.622
407 3.222 3.889
408 3.511 3.511
409 3.556 3.756
410 3.578 3.644
411 3.178 3.600
412 3.511 3.244
413 3.067 3.444
414 3.422 3.822
415 3.378 3.511
416 3.311 3.644
417 2.644 3.244
418 2.267 3.356
419 3.111 3.400
420 2.311 3.222
421 3.667 3.378
422 3.511 3.333
423 3.378 3.356
424 2.867 3.333
425 3.044 3.356
426 2.956 3.533
427 3.533 3.467
428 3.511 3.222
430 2.889 3.600
431 2.867 3.311
432 2.422 3.089
433 3.244 3.489
434 3.222 3.489
435 3.333 3.622
436 1.800 3.933
437 3.489 3.422
438 2.933 3.244
439 3.067 3.578
440 2.867 3.200
441 3.400 3.244
442 3.822 3.667
443 3.578 3.489
444 2.933 3.467
445 2.600 3.444
446 3.644 3.467
447 3.200 3.867
448 3.356 3.667
449 2.867 3.644
450 3.356 3.800
451 3.311 3.378
452 3.378 3.378
453 2.711 3.511
454 2.756 3.667
455 3.622 3.600
456 3.222 3.511
457 3.689 3.511
458 3.689 4.022
459 2.844 3.711
460 3.244 3.378
461 3.044 3.244
462 3.133 3.244
463 3.422 3.244
464 3.244 3.356
465 2.600 3.778
466 2.311 3.444
467 3.556 3.733
468 3.622 3.311
469 2.311 3.689
470 2.022 3.400
471 3.644 3.222
472 2.933 3.356
473 3.622 3.378
474 3.622 3.467
475 3.222 3.267
476 3.222 3.578
477 3.556 3.689
478 1.822 3.511
479 3.467 3.244
480 2.022 3.333
481 2.978 3.511
482 2.711 3.533
483 2.800 3.400
484 3.511 3.511
485 3.444 3.689
486 3.289 3.644
487 3.378 3.644
488 3.200 3.578
489 3.400 3.333
490 3.289 3.444
491 3.600 3.556
492 3.200 3.400
493 2.778 3.422
494 3.667 3.356
495 3.333 3.200
496 3.333 3.422
497 1.867 3.178
498 3.711 3.289
499 2.200 3.533
500 3.356 3.511
501 3.333 3.756
502 2.689 3.578
503 3.111 3.644
504 2.644 3.333
505 3.667 3.622
506 2.067 3.511
507 2.978 3.756
508 3.400 3.356
509 3.378 3.467
510 2.978 3.489
511 2.667 3.578
512 3.600 3.267
513 3.289 3.667
514 3.778 3.267
515 1.889 3.067
516 3.756 3.311
518 3.244 3.200
519 3.378 3.711
520 3.111 3.533
521 3.133 3.622
522 2.178 3.156
523 2.622 3.156
524 3.733 3.489
525 3.467 3.200
526 2.311 3.444
527 2.244 3.622
528 2.733 3.778
529 3.000 3.422
530 3.467 3.733
531 3.311 3.378
532 3.600 3.222
533 3.689 3.000
534 3.111 3.511
535 3.422 3.400
536 3.533 3.289
537 3.400 3.356
538 3.644 3.067
539 3.600 3.422
540 2.911 3.200
541 3.244 3.467
542 3.644 3.556
543 3.511 3.578
544 3.267 3.489
545 3.333 3.311
546 3.756 3.222
547 3.467 3.222
548 3.356 3.578
549 3.489 3.489
550 3.444 3.511
551 3.467 3.622
552 3.178 3.489
553 3.578 3.533
554 2.289 3.778
555 3.422 3.711
556 3.667 3.311
557 3.267 3.356
558 3.578 3.600
559 3.289 3.244
560 3.267 3.200
561 2.844 3.578
562 3.267 3.356
563 3.000 3.511
564 3.956 3.556
565 3.178 3.222
566 2.911 3.556
567 2.622 3.733
568 2.711 3.444
569 3.422 3.644
570 2.422 3.356
571 3.778 3.778
572 3.178 3.289
573 3.578 3.378
574 2.511 3.356
575 3.600 3.311
576 3.511 3.578
577 2.756 3.467
578 2.400 3.311
579 3.756 3.489
580 2.444 3.444
581 3.756 3.333
582 3.578 3.400
583 3.667 3.622
584 3.156 3.533
585 3.689 3.289
586 3.600 3.356
587 3.511 3.689
588 3.556 3.444
589 3.622 3.489
590 2.600 3.489
591 2.711 3.533
592 2.000 3.600
593 2.467 3.800
594 3.733 2.867
595 2.111 3.222
596 3.511 3.556
597 3.711 3.778
598 3.667 3.644
599 3.400 3.311
600 3.244 3.467
601 3.333 3.489
602 3.822 3.356
603 3.600 3.533
604 3.533 3.244
605 3.533 3.267
606 2.911 3.200
607 3.556 3.222
608 2.333 3.533
609 4.044 3.644
610 3.489 3.356
611 3.400 3.622
612 2.956 3.222
613 2.778 3.289
614 3.489 3.556
615 2.356 3.578
616 2.556 3.311
617 2.044 3.422
618 3.578 3.844
619 3.556 3.956
620 3.378 3.778
621 2.667 3.489
622 3.111 3.578
623 3.156 3.489
624 2.200 3.311
625 3.600 3.467
626 3.289 3.711
627 3.333 3.400
628 3.778 3.578
629 2.622 3.378
630 3.711 3.689
631 3.022 3.600
632 2.067 3.289
634 3.178 3.222
635 3.311 3.333
636 3.000 3.578
637 2.867 3.089
638 3.622 3.622
639 3.133 3.467
640 2.689 3.244
641 3.289 3.667
642 2.667 3.644
643 3.067 3.644
644 3.556 3.867
645 3.200 3.400
646 3.378 3.133
647 2.333 3.778
648 3.111 3.378
649 2.400 3.467
650 3.689 3.644
651 3.444 3.311
652 3.778 3.622
653 2.756 3.422
654 1.956 3.756
655 3.089 3.467
656 3.378 3.289
657 3.644 3.289
658 3.200 3.556
659 2.711 3.689
660 2.800 3.489
661 3.067 3.622
662 3.422 3.644
663 2.400 3.533
664 2.800 3.444
665 3.222 3.311
666 2.600 3.467
667 3.333 3.556
668 3.156 3.111
669 3.489 3.333
670 3.956 3.622
671 3.533 3.689
672 3.000 3.511
673 3.378 3.444
674 3.667 3.089
675 3.111 3.667
676 3.400 3.289
677 3.222 3.356
678 3.600 3.111
679 3.311 3.778
680 3.489 3.533
681 3.578 3.422
682 3.778 3.711
683 3.111 3.578
684 3.333 3.400
685 3.333 3.222
686 3.422 3.711
687 3.133 3.422
688 3.800 3.667
689 3.556 3.356
690 3.622 3.311
691 4.067 3.089
692 3.111 3.444
693 2.844 3.156
694 3.356 3.911
695 3.600 3.378
696 3.267 3.089
697 3.267 3.711
698 2.422 3.200
699 3.600 3.267
700 3.089 3.400
701 3.356 3.356
702 2.289 3.667
703 3.600 3.756
704 3.089 3.444
705 2.822 3.733
706 3.644 3.800
707 2.622 3.111
708 3.244 3.244
709 3.178 3.378
710 3.444 3.689
711 2.089 3.778
712 3.511 3.244
713 3.244 3.267
714 3.378 3.578
715 2.889 3.156
716 2.911 3.800
717 3.622 3.156
718 3.778 3.333
719 2.733 3.356
720 3.511 3.600
721 3.822 3.356
722 3.378 3.578
723 3.000 3.778
724 3.689 3.178
725 3.378 3.400
726 3.400 3.578
727 3.778 3.533
728 3.378 3.267
729 2.622 3.844
730 2.156 3.533
731 3.156 3.711
732 2.311 3.422
733 2.867 3.333
734 2.778 3.400
735 3.556 3.867
736 2.289 3.378
737 3.467 3.533
738 4.133 3.311
739 2.778 3.311
740 3.844 3.222
741 2.467 3.533
742 3.467 3.467
743 3.511 3.422
744 3.000 3.133
745 3.378 3.578
746 2.956 3.289
747 3.333 3.489
748 4.044 3.289
749 3.822 3.378
750 3.489 3.778
751 3.667 3.556
752 2.467 3.800
753 2.689 3.467
754 3.133 3.311
755 3.044 3.356
756 1.911 3.667
757 3.422 3.489
758 3.556 3.689
759 3.111 3.556
760 3.578 3.578
761 3.044 3.578
762 3.689 3.533
763 3.311 3.311
764 3.489 3.222
765 2.044 3.467
766 3.644 3.467
767 3.600 3.689
768 3.267 3.556
769 3.400 3.289
770 3.667 3.800
771 3.267 3.511
772 3.822 3.311
773 3.200 3.244
774 3.067 3.578
775 3.422 3.689
776 3.111 3.667
777 1.956 3.600
778 2.644 3.622
779 2.533 3.200
780 4.044 3.667
781 3.622 3.689
782 4.000 3.511
783 3.422 3.378
784 3.289 3.356
785 3.422 3.556
786 2.889 3.444
787 3.711 3.556
788 3.289 3.578
789 3.578 3.200
790 3.533 3.533
791 3.333 3.356
792 3.444 3.333
793 2.822 3.333
794 2.467 3.844
795 3.644 3.400
796 3.489 3.511
797 2.378 3.511
798 3.733 3.244
799 2.511 3.444
800 3.556 3.156
801 3.533 3.733
802 3.356 3.222
803 3.622 3.333
804 3.822 3.378
805 3.800 3.733
806 2.711 3.489
807 2.711 3.533
808 3.422 3.400
809 3.578 3.422
810 4.000 3.444
811 3.733 3.422
812 3.044 3.467
813 2.400 3.578
814 3.444 3.578
815 3.667 3.089
816 2.733 3.244
817 3.200 3.889
818 3.533 3.733
819 3.133 3.400
820 3.089 3.600
821 3.844 3.356
822 3.222 3.556
823 3.444 3.400
824 3.267 3.533
825 3.244 3.800
826 3.378 3.422
827 3.600 3.378
828 3.267 3.444
829 2.156 3.667
830 1.733 3.711
831 3.111 3.467
832 3.533 3.600
833 2.467 3.600
834 3.200 3.311
835 3.644 3.311
836 3.311 3.511
837 2.622 3.511
839 3.200 3.444
840 3.800 3.467
841 2.956 3.244
842 2.844 3.400
843 2.956 3.667
844 2.400 3.200
845 3.200 3.511
846 3.222 3.333
847 2.356 3.244
848 3.311 3.556
849 1.844 3.622
850 3.756 3.622
851 2.822 3.467
852 3.356 3.489
853 3.778 3.511
854 3.422 3.800
855 3.911 2.956
856 3.044 3.533
857 2.200 3.556
858 3.467 3.533
859 3.089 3.356
860 3.622 3.778
861 3.111 3.444
863 2.467 3.378
864 2.778 3.422
865 3.378 3.467
866 3.178 3.400
868 3.511 3.733
869 3.178 3.689
870 3.711 3.444
871 3.356 3.467
872 3.422 3.756
873 2.644 3.111
875 3.267 3.200
876 3.467 3.400
877 3.644 3.489
878 3.822 3.422
879 2.089 3.822
880 3.711 3.622
881 3.200 3.467
882 3.956 3.578
883 3.600 2.978
884 2.933 3.578
885 3.622 3.400
886 2.978 3.156
887 1.956 3.733
888 3.911 3.356
889 3.022 3.422
890 3.822 3.333
891 3.378 3.111
892 2.578 3.467
893 3.600 3.311
894 3.378 3.222
895 2.711 3.289
896 3.156 3.444
897 3.689 3.333
898 2.978 3.622
899 2.689 3.067
900 3.933 3.222
901 3.378 3.556
902 3.578 3.556
903 3.622 3.422
904 3.533 3.622
905 2.822 3.022
906 3.378 3.333
907 3.889 3.511
908 3.867 3.644
909 3.511 3.556
910 3.356 3.267
911 3.844 3.467
912 2.556 3.578
913 3.533 3.378
914 3.356 3.422
915 2.556 3.556
916 3.511 4.000
917 3.711 3.156
918 3.667 3.311
919 3.089 3.289
920 3.400 3.178
921 3.533 3.511
922 3.578 3.733
923 3.200 3.400
924 3.378 3.422
926 3.889 3.267
927 2.933 3.622
928 3.689 3.556
929 3.200 3.556
930 3.400 3.489
931 3.622 3.178
932 3.289 3.222
934 2.511 3.533
935 2.311 3.711
936 3.067 3.378
937 3.489 3.644
938 3.733 3.333
939 3.267 3.733
940 2.978 3.756
941 3.511 3.644
942 1.800 3.578
943 2.778 3.867
944 3.111 3.178
945 3.200 3.378
946 2.867 3.267
947 3.156 3.378
948 2.756 3.911
949 3.178 3.756
950 3.600 3.822
951 2.844 3.622
952 2.689 3.511
953 3.200 3.733
954 2.333 3.267
955 2.222 3.333
956 3.222 3.489
957 3.533 3.467
958 3.356 3.156
959 3.711 3.956
960 2.578 3.244
961 3.578 3.422
962 3.356 3.644
963 3.267 3.711
964 3.622 3.467
965 3.289 3.644
966 3.333 3.467
967 3.200 3.511
968 2.644 3.733
969 2.867 3.422
970 3.267 3.467
971 3.756 3.511
972 3.622 3.378
973 3.044 3.333
974 2.689 2.933
975 3.356 3.444
976 3.489 3.333
977 2.756 3.489
978 3.622 3.533
979 3.911 3.111
980 3.533 3.422
981 3.022 3.578
982 2.667 3.333
983 4.133 3.733
984 3.689 3.422
985 3.489 3.156
986 2.133 3.578
988 3.511 3.444
989 3.800 3.422
990 3.533 3.178
991 2.044 3.111
992 3.489 3.200
993 2.089 3.267
994 3.178 3.467
995 3.622 3.356
996 3.578 3.756
997 3.578 3.267
998 3.333 3.333
999 3.556 3.667