0 109 14829 13983.5 27843
1 79 188 726.4 8610
2 62 34804 41111.6 104775
3 63 23221 30819.0 81355
4 74 23462 51799.2 662468
5 217 1358 10622.3 62856
6 80 23680 33117.9 125499
7 91 4476 20791.0 67376
8 168 16042 27316.3 255526
9 104 22087 22467.3 44800
10 70 6902 18257.8 62022
11 111 27372 34037.4 378858
12 85 22149 30340.3 352350
13 90 19594 27038.8 359565
14 804 12622 20867.6 167136
15 77 17056 36486.1 153903
16 250 8874 18429.3 127621
17 155 21695 36204.0 170881
18 144 16661 17692.3 47437
19 111 19706 22607.9 87678
20 2276 16539 25278.8 81299
21 2464 13694 22505.0 175007
22 66 15187 43561.1 236474
23 113 11706 26618.0 217970
24 122 681 12776.4 101901
25 91 2294 4044.4 21082
26 78 5010 5221.9 11282
27 169 17575 23811.1 336592
28 5285 15762 17710.0 39138
29 60 19609 20474.8 50740
30 120 21850 26129.5 102195
31 155 32391 65365.1 799844
33 803 14815 31589.3 301579
34 137 31118 30794.3 66819
35 58 19416 19420.8 54203
36 1993 14813 14187.4 29739
37 119 225 663.1 2575
38 68 19021 24593.7 72278
39 116 15706 15273.3 58474
40 122 1040 27851.2 147596
41 55 15220 32876.5 149174
42 72 19536 20602.6 51409
43 55 18995 28267.8 340155
44 381 18648 40661.5 197754
45 151 18648 18569.1 31383
46 222 18941 21859.9 58392
47 67 17453 25901.9 83901
48 1322 17171 48202.9 338678
49 127 22304 39117.8 164630
50 76 10091 28078.4 102222
51 57 13282 17076.1 48066
52 118 11238 31483.6 128130
53 230 23935 23538.5 67566
54 136 310 35514.5 155171
55 160 1026 27331.1 247842
56 370 25766 32075.6 271587
57 200 24584 44299.4 212523
58 56 8027 8446.9 16958
59 4177 16236 17700.2 52511
60 74 21592 21823.2 50837
61 55 19311 18173.5 37130
62 74 435 11029.8 58287
63 381 31931 82264.6 988758
64 87 1209 29177.1 463930
65 97 10257 19628.4 109809
66 114 22582 37252.0 262973
67 123 17329 36987.1 468250
68 67 8156 17476.5 349857
69 199 30620 35332.4 232060
70 68 8638 12426.0 52304
71 48 25665 19909.7 49072
72 181 9932 18546.5 94224
73 1464 16120 20593.6 57695
74 134 14751 13948.9 33289
75 54 115 9969.8 131445
76 67 18432 37053.5 135149
77 130 8007 10893.3 40441
78 6534 23670 59435.4 226535
79 500 26180 39364.9 133997
80 4774 10973 11070.4 18856
82 64 478 13596.4 133509
83 1758 8471 17586.1 271028
84 2275 10428 14271.0 200121
85 3378 13847 22236.0 207629
86 61 7103 10502.8 31569
87 1067 14271 21614.2 152823
88 2769 19628 59533.4 342789
89 58 15257 35620.9 327223
90 66 20147 19047.0 35045
91 60 34712 72362.5 243068
92 3315 12192 46012.7 728809
93 111 53954 52112.7 178869
94 73 20282 20629.3 102132
95 87 16574 35269.3 146552
96 2407 13129 44605.9 452961
97 96 23862 33940.5 303112
98 108 10017 19954.3 77010
99 46 550 4311.5 45138
100 565 15722 34020.4 130989
101 54 5942 12685.0 74564
102 282 14147 26062.0 84927
103 751 17678 46154.8 294830
104 47 19269 19139.4 42578
105 111 28871 36205.0 137404
106 131 21109 20465.7 45246
107 3781 14543 17507.6 44742
108 74 693 7861.0 41495
109 142 17349 21437.8 57088
110 2875 13652 13346.8 24350
111 183 25293 24741.3 47270
112 47 31287 43942.1 330972
113 106 20022 35907.5 275975
114 70 17758 16151.4 30453
116 50 2878 15267.5 125581
117 388 831 5281.8 93755
118 192 16250 27437.8 101813
119 117 28928 27299.3 49719
120 141 18433 16524.2 41700
121 94 12932 52588.2 236510
122 63 466 14541.3 77895
123 70 5265 8519.7 23791
124 166 9743 35829.1 462523
125 130 15781 21565.0 377125
126 109 13964 16393.2 48245
127 48 595 11016.2 53084
128 305 29857 118136.8 1259955
129 55 1741 25947.5 705065
130 229 30586 37117.7 129740
131 113 22479 43757.7 144479
132 730 32635 110822.1 716495
133 102 22987 28306.3 259894
135 74 23398 24017.4 68653
136 156 15858 17742.7 36492
137 53 13442 9024.3 24895
138 81 32459 36047.7 140003
139 90 18889 33551.0 143327
140 4050 15016 16005.6 31645
141 3409 23602 41042.8 141444
142 75 18814 18178.3 68290
143 99 19636 18414.4 44243
144 132 12861 27938.4 336712
145 341 14160 16005.0 40026
146 79 11891 39784.9 539241
147 113 14339 17183.2 56521
148 5393 12731 35686.5 479525
149 50 7240 47980.6 218616
150 146 18567 54112.6 332777
151 93 172 4352.6 24074
152 87 4674 20306.5 140966
153 86 31820 64702.3 264977
154 131 9608 13006.8 39542
155 147 12831 34823.1 121158
156 334 74413 70997.8 220733
157 119 849 8658.1 44928
158 46 19790 22016.4 67921
159 98 14202 13330.9 22205
160 60 99 1272.6 7032
161 110 22089 29698.0 122776
162 421 24927 23430.3 45993
163 76 8520 24486.6 276873
164 89 15484 33794.7 502789
165 261 30219 28112.9 72662
166 85 19351 22093.2 53118
167 56 10942 13313.0 65152
168 84 13311 21230.1 84521
169 331 28317 24676.7 66241
170 76 9293 13166.5 49810
171 140 14763 23745.4 363351
172 39 26067 23882.0 62484
173 160 14354 17460.8 50762
174 145 22962 31380.4 91519
175 1136 14468 36807.4 349590
176 65 21272 31223.6 305459
177 97 135 1460.8 5866
178 516 22060 39869.5 311291
179 76 24555 39602.4 145719
180 45 5399 9015.6 38571
181 95 8553 20578.0 414038
182 171 14164 18525.1 63325
183 59 13077 12110.2 28450
184 68 15040 21754.9 136968
185 130 17211 17803.2 41038
186 45 18016 48268.6 345048
187 90 30753 34711.8 94845
188 3606 13939 25103.4 112398
189 118 9214 14531.6 112544
190 103 11998 27436.7 341935
191 53 5777 10791.1 53989
192 53 5660 15581.7 360302
193 107 25472 41341.8 205854
194 451 18370 32763.5 162394
195 4295 23384 22503.3 42669
196 53 14612 15511.0 33996
197 175 19304 37393.7 170605
198 121 20747 49757.7 1074180
199 76 6076 24759.3 351631
200 98 20462 45566.4 518814
201 173 11029 35007.2 495971
202 189 12920 14436.8 33325
203 52 10452 14750.6 55014
204 96 15262 40931.3 402678
205 147 225 228.3 330
206 132 17534 14764.8 36664
207 153 1497 16611.0 130699
208 68 23275 27663.7 187557
209 54 537 12973.8 50517
210 110 16901 14805.0 38448
211 1483 19524 37048.5 153541
212 89 1403 4440.0 39733
213 69 4496 7458.2 17433
214 1573 20646 82167.2 1221772
215 75 26453 42299.8 324520
216 54 4866 6689.5 21616
217 73 4626 13828.6 105228
218 157 14020 26350.3 429143
219 104 8208 15696.8 68148
220 69 13526 46666.7 479008
221 216 1232 12532.0 98077
222 159 23037 49533.8 219944
223 275 15831 20125.5 52783
224 250 1358 15613.1 223988
225 95 12210 23753.7 256548
226 280 817 12990.1 105596
227 65 16233 44797.7 143324
228 393 25406 29379.1 176664
229 483 967 15210.5 97396
230 86 26739 47862.6 507529
231 3156 8414 15829.0 51823
232 3404 12965 30335.8 364572
233 82 6934 45143.9 402987
234 52 17512 25464.4 315560
235 102 338 8669.7 54350
236 59 22308 21717.0 56472
237 155 12259 12652.0 32818
238 58 4910 9931.6 115658
239 46 25391 25034.0 69705
240 62 11872 12319.8 32172
242 310 14818 21964.6 376424
243 203 20478 23140.0 64483
244 66 28834 29524.4 64953
245 153 38671 48889.3 164603
246 121 168 3321.4 18024
247 229 19950 26300.1 173775
248 128 432 7416.0 44789
249 40 335 3823.5 27501
250 464 6829 35759.4 352398
251 193 8361 11177.3 120885
252 177 3364 22325.9 318714
253 231 21631 27657.9 81216
254 76 426 5614.4 34862
255 61 25815 27792.2 86718
256 115 7422 12243.4 39216
257 633 7586 27646.0 209901
258 905 8688 25474.1 145053
259 76 18236 22255.4 63712
260 149 20113 22044.4 67689
261 121 28577 42261.5 157252
262 319 22697 46389.1 569144
263 1425 14150 27200.2 274801
264 2254 9232 28680.1 284595
265 178 11370 16360.6 151358
266 159 22057 22210.4 63352
267 89 20164 25469.1 159497
268 190 825 2865.0 27001
269 90 13236 29252.0 148865
270 61 12324 11062.1 22673
271 69 358 7810.6 104307
272 44 10361 13019.0 46363
273 69 3126 8923.0 97820
275 92 15980 21596.8 66041
276 233 25317 39279.6 339413
277 2133 19974 44256.7 162259
278 374 28390 33454.7 101145
279 97 24935 39471.0 161349
280 139 12783 29338.5 338911
281 335 20247 51367.6 337106
282 137 32946 128354.3 1057838
283 178 28351 62027.2 275753
284 88 16536 17129.5 40621
285 106 15992 18938.3 46226
286 84 44657 66709.6 254684
287 169 11194 24335.8 364342
288 118 11004 32258.0 150926
289 35 23965 32199.5 128124
290 111 12105 58494.8 377819
291 906 16157 20730.3 254940
292 1052 9601 37960.1 344017
293 316 7839 23602.9 297714
294 116 18204 19339.3 57885
295 188 1158 25614.8 159209
296 977 18437 34049.3 235367
297 157 16873 36892.7 368919
298 141 22624 22989.6 68471
299 76 14578 40850.0 227884
300 83 26916 40617.0 127075
301 2690 13697 15775.0 89589
302 149 8791 16669.5 215616
304 170 40128 61851.6 152940
305 146 22567 31990.7 138519
306 64 18930 21763.6 57001
307 102 13990 20550.7 72623
308 55 84 974.9 10497
309 48 2978 2494.8 6318
310 103 22980 23669.1 53360
311 145 15763 14288.0 34230
313 106 23403 38415.6 196000
314 158 12464 22082.6 366103
315 126 19017 25167.4 125457
316 183 23862 25823.1 68170
317 210 17502 22562.9 81028
319 377 30898 36223.5 125720
320 141 15756 39091.6 196424
321 2288 7870 21688.9 240788
322 53 18509 47559.7 140092
323 264 22636 132701.3 1335872
324 64 1177 17871.4 146763
325 63 20305 30980.3 172932
326 156 22645 40196.6 269667
327 61 17399 25499.0 283977
328 91 14784 17608.5 53980
329 140 13912 15195.2 46762
330 127 10405 12551.3 32624
331 165 25729 45201.9 226599
332 65 22117 35462.0 151940
333 57 15764 31036.6 303196
334 64 8268 11823.5 160813
335 93 11414 12321.4 31980
336 4980 18497 22504.9 212169
337 93 17054 22345.9 162602
339 70 32662 31629.2 69919
340 82 14200 14934.0 35108
341 75 14631 13792.8 29455
342 60 251 2279.8 15142
343 255 34774 74303.6 452325
344 235 618 8557.6 101117
345 144 25727 31139.6 80680
346 58 384 13380.2 39950
347 51 3763 9639.9 125291
348 167 17202 22289.2 244622
349 47 16003 34425.9 288942
350 169 28359 75101.5 702090
351 124 17782 36493.6 289375
352 216 14748 22308.3 75647
353 3733 20222 51507.2 270183
354 53 5203 5315.0 13904
355 48 624 4407.0 88857
356 984 7815 62909.3 375380
357 4764 17758 19102.2 38485
358 52 11008 55417.8 628820
359 43 12077 13820.0 37175
360 361 12688 14676.4 51811
361 55 4014 8684.4 39926
362 133 14329 20674.7 50442
363 41 20631 30096.7 300178
364 96 6910 11748.7 41503
365 186 32388 31153.4 90920
366 89 16404 18857.2 43375
367 56 11581 13509.9 31381
368 49 27180 28656.4 67545
369 77 12880 16372.9 49892
370 82 19239 22308.4 50098
371 163 678 5826.1 127765
372 353 24125 28967.0 68727
373 114 809 5772.1 48560
374 58 116 6181.8 39185
375 128 25474 26490.4 56441
376 299 9574 39719.0 490549
377 4713 12194 76890.5 513904
378 1232 16938 44390.6 291097
379 52 9439 14008.1 45653
380 2133 9817 41327.5 235393
381 92 8156 54776.6 126268
382 69 18072 44589.0 622579
383 438 32571 40837.8 114870
384 70 23364 30778.4 85889
385 94 12610 19165.1 199079
386 87 29140 35227.9 84736
387 102 11095 14281.2 87976
388 124 7660 39561.6 241251
389 2407 8815 24636.4 297612
390 100 30068 31445.5 79722
391 4222 10858 13613.4 33255
392 308 491 2672.9 20901
393 85 29335 34731.4 117550
394 84 18400 19091.1 40709
395 91 14450 19979.1 285124
396 88 440 15378.7 47902
397 74 8709 32201.7 531715
398 112 10554 14936.0 87306
399 276 13141 45316.4 284414
400 182 462 6602.6 39782
401 2098 15941 37404.4 133307
402 383 1412 21581.8 101560
403 50 10722 14032.8 38592
404 89 9202 18131.1 361717
405 110 235 7421.2 58146
406 574 32540 46205.8 265737
407 129 20934 20756.4 46839
408 92 22673 45488.7 406276
409 96 10095 10742.6 24110
410 133 11336 17512.6 267838
411 63 10322 46350.0 1154571
412 152 19592 19248.3 40760
413 172 15416 15844.5 51581
414 417 18163 25858.2 94574
415 65 7629 10643.3 32995
416 80 7671 9069.8 25934
417 192 16740 18345.8 61609
418 65 502 9156.5 64120
419 47 33905 50093.7 154277
420 113 695 11977.7 79860
421 48 18232 24650.5 360014
422 108 18690 30819.1 565812
423 92 35020 74413.4 464592
424 50 12363 50186.4 295202
425 69 25671 46695.5 162612
426 57 45356 80872.3 373434
427 100 17103 19555.7 44858
428 60 15878 16919.0 35226
430 95 17861 34983.3 229102
431 70 15876 21815.1 91922
432 88 9270 16536.8 106891
433 472 26925 60025.7 321079
434 112 13069 14916.1 161637
435 445 17573 24392.2 91438
436 66 80 675.2 3072
437 3937 12642 17655.2 44475
438 117 13479 13106.4 36356
439 51 2898 2247.3 6060
440 204 25989 81128.2 882869
441 104 15658 23988.2 106378
442 120 10611 18550.2 195091
443 75 22090 52624.2 305820
444 96 24118 43455.1 203669
445 51 11720 21843.2 85391
446 1875 13309 14653.9 36891
447 264 22739 56371.1 173243
448 304 14900 25031.8 79528
449 149 17812 19845.2 61475
450 140 30551 29687.3 78786
451 902 28521 35585.9 119352
452 87 15001 19854.4 55791
453 64 12893 16469.4 67646
454 48 14602 14592.9 36966
455 44 7208 16753.3 191630
456 87 38424 61477.0 624178
457 224 19467 28403.2 310596
458 129 14558 24158.8 356024
459 2915 23800 29726.6 334817
460 4707 19923 19882.2 40735
461 76 7160 19283.8 170908
462 156 15575 17363.7 43551
463 115 21946 20869.9 45257
464 60 29803 30291.3 67301
465 96 28415 21688.2 62517
466 110 2721 19130.8 163435
467 1818 13907 13717.4 27003
468 1486 16294 27753.0 310843
469 138 1133 23834.8 154473
470 73 307 6652.4 129284
471 632 9795 16759.8 58019
472 141 21951 19280.1 38488
473 123 12999 18841.2 80926
474 78 18373 33118.4 299044
475 1264 25928 33520.4 426374
476 124 12522 30990.7 131980
477 98 14978 18368.6 54700
478 220 949 3903.3 61721
479 6639 31827 56360.7 576458
480 106 441 3372.0 35749
481 55 17431 26219.5 92304
482 446 63877 69950.3 224657
483 112 5118 20126.0 102556
484 63 9660 14589.9 31501
485 149 13293 14163.2 28942
486 65 12356 14418.6 42422
487 273 19454 56456.3 232849
488 414 24679 26562.7 86806
489 186 16340 26933.4 75009
490 93 18005 17341.0 35099
491 60 27682 75277.7 666299
492 662 27534 35358.7 95341
493 199 19405 21114.5 66677
494 298 25410 37744.3 270898
495 112 15326 15508.9 32440
496 113 23626 35057.7 471837
497 141 208 2548.9 62053
498 1017 17277 24298.7 216018
499 67 1416 11647.4 202875
500 79 13303 17780.8 56578
501 1161 13589 26825.0 84396
502 66 1169 27445.2 306687
503 67 12106 15066.4 43658
504 122 9508 15907.5 103427
505 54 19930 26969.3 229247
506 714 1394 17085.2 110164
507 57 5527 20826.2 97471
508 197 19831 24877.8 240674
509 474 25632 27617.1 57299
510 211 24266 24032.0 51840
511 61 11801 17192.9 75996
512 766 36430 69466.0 736978
513 1098 21762 73775.1 270830
514 3505 13662 22776.4 151754
515 150 215 3443.8 126894
516 126 6718 12245.7 230775
518 499 11867 60863.8 485114
519 215 12286 36260.8 362949
520 80 20795 28117.3 79015
521 122 15638 16714.9 39078
522 55 188 9344.1 45166
523 103 14370 14133.3 46706
524 242 15683 30032.7 224287
525 106 12290 14416.5 36589
526 70 400 12653.3 66337
527 59 716 4802.6 21229
528 46 19918 32835.4 113904
529 52 17564 18867.8 52759
530 57 22705 32393.4 322516
531 107 14926 17503.9 47529
532 218 19465 31485.4 388952
533 101 9441 15262.2 50203
534 219 27502 31343.3 81944
535 135 9555 28468.4 122704
536 100 13684 13252.3 25176
537 169 9787 21498.6 168624
538 1632 7780 11145.8 32593
539 355 15479 24811.9 79474
540 115 27963 27359.4 93840
541 52 22072 22935.7 54635
542 1183 20897 26237.3 334847
543 117 16449 15578.6 31762
544 257 27810 45295.6 149535
545 100 19446 27288.0 94077
546 210 11835 13624.0 41140
547 81 15822 18671.5 48258
548 100 13160 23879.0 340937
549 98 19866 39874.3 141842
550 87 14563 24415.1 402768
551 46 15687 17177.2 40040
552 80 25692 28789.1 169611
553 2030 26697 46780.8 472641
554 102 1934 30263.2 176131
555 300 15139 43602.9 147962
556 80 7931 8220.8 13717
557 82 19201 18686.0 40217
558 1384 17319 22123.9 67365
559 132 13916 17355.5 54755
560 63 8478 18485.9 63683
561 108 12656 13256.5 37739
562 55 22169 20878.2 39230
563 81 18294 31552.2 138959
564 108 35916 179254.4 936333
565 167 36537 46209.3 147448
566 51 4671 12638.6 84309
567 141 13798 18187.2 105551
568 107 11022 18704.1 75800
569 338 19620 28178.8 88477
570 211 850 36080.3 188849
571 246 22441 54215.2 621537
572 80 4005 10141.4 47758
573 52 13184 16369.6 42315
574 77 1567 18218.0 175509
575 156 18765 48085.1 594014
576 369 17012 30401.7 287059
577 201 13594 18693.0 94203
578 188 1558 17169.5 114950
579 86 6723 11585.0 35997
580 98 169 12226.8 67263
581 2106 11662 26218.8 308416
582 350 13300 13604.3 27290
583 1978 10363 18146.6 177375
584 52 19806 56476.9 363396
585 3591 7437 9920.1 24290
586 50 15920 20394.3 59022
587 85 17634 44831.2 676337
588 78 13389 27720.0 98645
589 2353 21208 27701.2 291110
590 79 14903 18321.7 61344
591 64 16069 17652.2 56462
592 89 1851 5552.1 39932
593 64 11618 22686.6 115187
594 3133 17728 41783.6 509825
595 275 2021 9575.8 81564
596 51 9061 13100.1 68805
597 371 13072 41182.3 191578
598 2298 13431 14473.2 34785
599 57 10602 77981.4 704846
600 275 24903 24581.6 50517
601 117 12587 14050.9 31857
602 114 5101 43984.1 504676
603 104 12403 13414.6 35132
604 61 18079 20045.1 41561
605 74 11996 12566.7 25654
606 49 23362 21454.5 37843
607 104 12814 25835.6 88543
608 244 982 29919.6 129276
609 3819 17691 70904.4 448215
610 4536 17782 18485.0 40865
611 155 21900 25006.2 214373
612 211 17076 18176.6 51142
613 47 21656 40074.6 141135
614 50 15365 32981.8 126763
615 47 85 33638.0 140114
616 88 10453 13854.2 48966
617 74 170 1551.9 13137
618 47 6795 8029.8 24925
619 43 13471 13147.1 24205
620 53 16085 50682.0 158492
621 221 9381 19040.2 127743
622 179 20222 20974.4 57168
623 142 24735 26997.8 75638
624 55 1353 17462.5 95173
625 64 14629 14843.1 31309
626 118 29026 29467.1 60584
627 977 13611 31330.4 97179
628 129 14610 33931.1 585178
629 80 6114 13883.0 89139
630 104 6656 10531.1 99504
631 63 4074 4354.6 14712
632 143 892 6984.6 44262
634 67 27312 35467.0 122619
635 1063 22477 34231.6 319528
636 263 11338 22846.3 90842
637 107 34949 43009.5 140509
638 2792 10442 35556.1 504714
639 135 21743 38273.3 156442
640 96 12570 26698.0 208519
641 79 17648 25108.3 89090
642 55 15785 18298.6 79004
643 49 17737 54226.4 967121
644 80 10786 11752.8 26382
645 81 6261 14272.5 100131
646 138 17071 19408.6 53254
647 62 1196 22378.9 132348
648 51 28253 54884.4 159778
649 143 24989 28153.2 113460
650 68 12494 13445.1 27195
651 3929 20447 24149.8 62479
652 1654 18225 29792.4 442858
653 55 9072 15269.1 101110
654 67 789 3505.3 19907
655 108 23471 23515.0 51773
656 64 18842 21764.1 55060
657 4905 14421 34567.2 129150
658 677 30617 32649.8 70488
659 64 4467 8705.5 33103
660 268 20579 21793.8 53848
661 55 8879 7768.2 16799
662 302 21817 22921.7 60329
663 58 738 17761.6 77361
664 46 10169 13841.3 41227
665 460 22942 42659.6 183535
666 56 3576 5460.6 27234
667 149 18887 25103.4 393659
668 250 22123 27931.1 91045
669 92 14061 30625.0 329716
670 128 11849 38418.6 369456
671 91 11123 13223.6 32336
672 53 17135 26253.9 120926
673 107 28213 86689.0 832141
674 57 16781 27799.6 218583
675 54 12052 13464.8 31194
676 347 26559 48465.2 183597
677 64 14013 14480.2 41476
678 43 12863 11526.3 25046
679 520 16181 43294.9 791405
680 54 6753 15609.4 424072
681 3048 23615 25382.9 61383
682 145 14173 23602.7 218199
683 94 21346 22857.8 43628
684 72 25283 26318.4 56075
685 103 19980 31252.6 88376
686 3883 21858 22884.6 53953
687 282 34159 43860.7 129388
688 1975 8728 12580.1 172169
689 77 16135 18960.5 52673
690 4691 20820 34604.6 542595
691 1629 11071 61586.3 582223
692 56 30941 28928.1 63423
693 45 8236 18090.6 98069
694 77 20668 21104.1 53961
695 1762 20071 20569.6 169952
696 117 26225 40729.8 198413
697 156 15519 13979.9 34073
698 85 126 2095.8 66960
699 1156 12038 73656.6 729944
700 57 13584 27284.3 189487
701 151 15946 21389.0 57951
702 159 1206 14948.2 133644
703 1583 18719 34321.6 270457
704 145 27155 37602.4 125927
705 37 17283 21142.4 73633
706 3168 12252 14163.7 29402
707 66 7594 14055.1 57854
708 52 20739 24247.6 64226
709 111 10508 68832.5 790304
710 49 23031 22325.1 52216
711 160 527 5973.7 56016
712 111 21494 24416.3 150915
713 164 30858 56781.9 140872
714 401 18514 24457.3 54009
715 80 17471 39841.8 170074
716 77 34969 51555.6 203477
717 3130 20733 45060.6 693331
718 180 14984 70939.6 826606
719 258 17722 22169.3 72067
720 84 16449 16319.5 34575
721 3513 12826 29409.7 393444
722 75 18113 20142.2 51805
723 68 14550 14025.3 36427
724 70 12541 34254.2 181148
725 63 18805 20262.4 40032
726 104 20331 20430.3 35438
727 2327 12231 39166.2 358907
728 174 15060 17194.0 39700
729 73 9090 44535.1 260714
730 127 157 1145.0 6665
731 69 30838 54455.2 658498
732 101 400 6762.4 32143
733 55 28399 29813.2 71013
734 64 3277 9480.6 41139
735 45 9018 14164.0 264704
736 167 217 5703.5 26495
737 31 8784 11306.8 33843
738 45 12004 79758.2 373923
739 218 11158 11628.8 33014
740 2381 18729 46199.2 260115
741 81 13509 19101.2 83258
742 4326 21363 43271.6 153053
743 98 12382 12372.2 23936
744 121 37224 33884.9 82418
745 109 8596 9161.2 21544
746 71 19047 18292.6 43635
747 50 17450 15432.8 33110
748 2090 27122 72844.3 290417
749 3704 12362 17803.4 172231
750 70 9876 11369.8 34196
751 319 12688 13523.0 96417
752 110 715 4167.8 21476
753 89 26630 32521.1 103612
754 60 4149 8786.4 36062
755 99 22274 23898.3 72274
756 180 488 7811.8 61665
757 59 12524 11566.3 26722
758 42 15280 21913.3 209213
759 186 14804 37567.2 296200
760 3974 22275 35235.8 530816
761 122 33866 31453.4 61457
762 64 19345 27718.5 234289
763 569 9616 39455.2 212308
764 62 7909 13335.6 36727
765 129 1180 6237.6 56072
766 1358 11265 21669.2 268859
767 67 10933 15331.0 148539
768 222 12330 13027.9 27785
769 76 8847 17028.5 56942
770 72 12443 22113.5 352699
771 207 15578 38753.8 148473
772 2636 13541 45193.9 625472
773 55 31128 39570.3 107264
774 65 36047 57533.4 220077
775 105 17457 17141.1 33920
776 106 11789 118907.7 1759964
777 180 1038 10656.9 130551
778 87 16684 52244.5 208958
779 67 267 11819.2 66901
780 1111 4845 31041.3 393161
781 2028 16970 21526.2 203855
782 2674 12043 28559.5 219605
783 2600 10811 11618.4 25555
784 84 15701 18045.6 44188
785 54 20437 63022.8 216848
786 120 11464 12764.9 41171
787 174 20007 68061.2 250526
788 286 22150 50970.7 182218
789 91 15701 18957.8 209446
790 67 23360 29679.3 90299
791 6984 17051 23129.8 60241
792 58 9781 22707.9 108028
793 70 24000 36589.6 157587
794 390 8138 27069.4 125575
795 3922 16431 16971.0 29598
796 144 9653 16927.3 56325
797 81 898 16168.0 111214
798 106 12653 12746.8 23905
799 88 1859 17404.5 114981
800 132 12620 23321.9 197404
801 224 19709 17357.1 124367
802 99 27356 31804.7 114384
803 106 19235 65098.9 782027
804 2832 9080 17084.5 198249
805 80 18791 46137.3 401515
806 196 16835 19948.0 51719
807 143 8604 13776.1 44265
808 129 14755 19302.0 53615
809 751 20684 45546.2 235731
810 135 11099 29909.8 280864
811 374 15832 25565.8 226984
812 60 18450 16206.4 39866
813 41 945 6477.4 38000
814 192 13438 13931.1 28982
815 5549 18815 20694.0 51904
816 48 6161 8541.7 67902
817 107 8272 17142.4 61334
818 98 20926 21146.2 52629
819 215 13008 28718.2 495595
820 63 8049 41697.2 204084
821 3318 10396 16018.7 219954
822 398 16585 40318.5 192079
823 108 8563 11091.0 35115
824 84 20240 42782.7 180782
825 97 15961 22329.0 69209
826 557 37209 72163.2 276398
827 248 21453 53014.2 391514
828 61 28782 28794.6 51398
829 266 1507 13450.0 69251
830 113 1311 2954.2 26167
831 112 22280 24491.2 53527
832 1357 12825 41367.6 378962
833 98 1720 33255.0 170353
834 52 23131 19769.6 50110
835 49 12994 20578.2 336743
836 144 8343 12391.1 36316
837 125 20011 33320.0 141240
839 105 21655 26857.0 57369
840 2407 11340 38917.0 503177
841 44 18107 22985.1 64162
842 61 13472 18205.7 58990
843 171 34212 32834.2 68381
844 311 2024 33928.6 182620
845 160 22616 44083.8 215937
846 81 29662 45269.2 216833
847 94 2044 13594.8 205362
848 51 34505 59900.2 146425
849 79 207 410.5 1381
850 52 15853 23929.0 131645
851 67 6431 7186.5 23845
852 96 6461 40732.9 394487
853 3042 10922 18134.0 171037
854 138 13022 17467.5 54420
855 5022 38449 128264.0 858029
856 64 18641 31605.0 236970
857 150 5271 32558.1 252785
858 45 12210 11754.8 18070
859 149 28334 30065.5 74321
860 69 25534 90670.1 793639
861 89 19582 18041.0 44418
863 57 126 5889.4 29287
864 119 9084 15725.7 66899
865 55 15905 31297.0 232331
866 215 11136 50531.1 297619
868 132 12890 31749.7 599248
869 1461 22868 62649.2 222084
870 122 17950 60201.6 890196
871 93 15625 21017.5 60245
872 99 19912 40517.9 136243
873 122 21037 28457.0 231457
875 49 6457 16934.2 73820
876 59 16029 17117.3 48757
877 66 19487 54813.2 142172
878 170 16330 39852.1 337363
879 80 404 4964.4 24774
880 178 11892 19531.0 289638
881 68 14021 13054.8 23217
882 84 9471 36655.0 226344
883 56 12548 34235.8 394174
884 40 18144 19452.4 62683
885 2024 19825 67149.1 419737
886 58 21672 73430.1 371720
887 93 423 1652.3 15734
888 887 13203 45597.7 578612
889 80 8190 9987.0 34318
890 51 11674 30247.7 269316
891 118 13772 19572.6 68267
892 63 7911 10533.3 195761
893 230 17018 21831.8 173079
894 122 12207 13810.7 35312
895 53 123 2044.5 13020
896 45 19050 18033.0 42006
897 56 19623 33418.1 371837
898 300 17749 21670.5 64143
899 55 14650 42095.4 276107
900 744 9412 54502.5 676886
901 257 17854 19599.7 51302
902 1739 16312 24525.2 379539
903 4154 11189 13118.5 30317
904 62 14829 39789.6 486561
905 60 12900 12535.1 48874
906 210 15090 19074.6 51254
907 4045 11594 89534.6 1411041
908 130 18629 36529.2 359430
909 66 11329 31870.6 208137
910 130 16538 17810.0 43911
911 4369 9017 9375.5 16376
912 172 5380 12595.1 99654
913 47 15354 15402.1 23902
914 57 21726 21680.2 41533
915 89 12133 20886.2 84060
916 55 15531 18677.2 44892
917 99 16917 22667.9 199876
918 126 18918 38012.5 140113
919 79 45008 43239.7 86139
920 117 12374 16979.8 49344
921 311 21921 29169.7 160548
922 3609 17173 42998.4 567905
923 423 20369 24369.0 79693
924 76 12997 18794.9 59512
926 1591 11953 25122.9 293728
927 112 31186 31184.3 87716
928 108 17451 34062.6 236100
929 238 21771 25333.4 69909
930 278 16959 26654.9 90863
931 198 15102 18243.0 145240
932 97 18161 19726.4 61822
934 448 545 7124.0 51040
935 52 960 9139.4 117020
936 73 17185 23418.8 82166
937 134 31145 89246.3 640759
938 58 17234 37821.9 272923
939 186 15871 17221.9 49911
940 142 16062 22422.3 158329
941 63 9710 32148.1 138617
942 88 376 380.4 798
943 60 8255 12779.4 37252
944 113 31061 32657.2 77334
945 1307 12955 27923.8 136917
946 55 17377 20841.3 213609
947 132 4817 22633.0 217283
948 179 21506 26287.0 76498
949 68 27030 29494.8 86984
950 107 14546 34700.6 362783
951 89 7373 18711.6 78051
952 70 23875 24588.2 80279
953 385 20362 27403.0 78784
954 49 451 13255.7 44997
955 82 377 6124.2 30790
956 129 29022 33264.3 86923
957 307 18573 16682.1 39996
958 102 25167 28564.0 125624
959 55 15312 25302.8 301381
960 213 17316 21580.8 62994
961 262 20326 23382.9 93484
962 1971 11817 31071.5 153348
963 47 19482 22209.6 52848
964 151 8258 27810.3 278231
965 55 5757 7168.9 26959
966 140 15776 15563.6 36703
967 109 15081 18932.5 61872
968 111 29637 45429.0 222547
969 112 18395 18355.6 50318
970 95 11065 26358.2 241508
971 64 7411 22733.6 208779
972 143 15114 79080.9 702216
973 205 30384 33562.3 98751
974 109 18857 26557.6 113729
975 212 18303 18188.4 37812
976 64 7130 12487.2 39257
977 285 16575 19559.9 54007
978 53 19761 32913.3 327731
979 1872 7474 8761.8 20787
980 6152 25005 31744.1 285640
981 71 22149 41961.7 139360
982 163 16523 15649.4 44172
983 1789 12249 56862.2 429394
984 3350 14373 27201.7 325370
985 211 18731 25351.8 321766
986 86 1107 20870.4 167448
988 162 13952 17876.5 56038
989 3031 17334 21782.7 96702
990 96 19760 38816.0 131358
991 58 134 9657.8 96955
992 358 16324 35816.9 761121
993 85 305 5166.4 46085
994 67 6333 6510.9 26203
995 2985 18368 45885.9 539783
996 48 13361 30761.9 611258
997 80 14662 16847.2 37716
998 89 12394 12420.7 23544
999 169 12793 13214.0 27539
