0 377 22203 34419.8 253365
1 73 25455 23717.1 49401
2 142 20338 26981.9 211836
3 707 26392 39628.2 133456
4 2625 18914 33673.3 292407
5 768 26020 52112.8 214540
6 158 24924 45947.3 439422
7 149 25798 90979.4 658408
8 1022 18619 23686.8 52707
9 1304 19025 24685.9 280537
10 55 17175 21736.2 58795
11 2207 17153 44553.4 307925
12 3276 14334 14290.6 29634
13 876 19909 49272.7 166697
14 240 20419 26172.9 79073
15 86 12727 32799.0 449113
16 3885 21596 24100.0 61502
17 78 22668 27000.9 61734
18 5365 11522 14013.5 34739
19 297 17838 42454.0 175963
20 461 34265 42865.4 142782
21 173 25845 36096.8 224088
22 123 20801 72570.2 327711
23 371 32994 29377.4 64495
24 420 18749 40696.9 150376
25 373 20537 32389.0 400663
26 131 21854 52076.1 200424
27 117 19564 20827.4 48045
28 205 25261 30215.6 278612
29 215 13693 51793.2 236937
30 1796 15656 21340.6 64719
31 130 16516 34983.7 517973
33 147 28603 38951.4 273480
34 3132 13366 16720.9 40592
35 379 28673 31752.0 84526
36 1276 17536 38954.8 385377
37 360 23541 30314.7 78670
38 96 21007 41834.2 609319
39 582 43228 56307.0 186150
40 2727 14299 18224.8 47545
41 1713 9090 40780.6 432833
42 128 16357 29229.4 544209
43 124 21711 27328.7 62430
44 1994 17921 64160.8 779053
45 1694 17576 26594.5 226919
46 261 10570 15025.2 37926
47 1196 15727 32283.1 259019
48 3627 12175 27554.0 364892
49 275 19289 20103.2 43134
50 47 13760 17162.9 42119
51 162 23125 26364.4 62041
52 3693 18952 22798.4 58185
53 78 13032 14226.9 35890
54 434 24385 32030.7 292924
55 753 21343 27235.6 81451
56 94 18226 20944.5 55810
57 76 21693 24059.0 161063
58 366 15212 19540.9 54385
59 119 15152 33987.1 676007
60 1 22796 28158.6 233106
61 5597 21031 26780.4 70062
62 2415 20284 55489.7 474124
63 266 20854 44998.5 562220
64 1563 7891 20909.7 417889
65 141 33716 60891.4 389854
66 165 23222 31612.0 387553
67 288 35992 35507.0 79364
68 129 10239 18681.0 52694
69 5068 15266 15413.6 29485
70 6187 18468 26153.9 75980
71 3549 14374 15228.0 40215
72 2601 18374 18721.6 41555
73 49 18554 39973.7 335443
74 780 24315 50277.5 202504
75 146 16286 21263.0 56143
76 3841 19509 24333.1 234441
77 473 19801 44321.1 308581
78 301 16358 49481.0 706513
79 165 28943 40501.8 184462
80 1391 9252 27821.1 354714
82 45 25308 31747.3 249726
83 242 14439 24612.9 83291
84 390 24031 40122.8 411184
85 115 41721 41629.8 91725
86 248 25607 31240.8 133706
87 2111 27864 28031.5 47350
88 1733 27280 63886.4 278507
89 72 22239 23288.8 45895
90 194 19880 19921.9 41499
91 1483 16001 16851.9 32175
92 669 37221 47749.9 190810
93 464 24150 28339.9 73180
94 2221 14341 20251.6 213874
95 326 34932 38651.0 313333
96 2766 24756 28833.6 266485
97 132 22172 22271.6 42171
98 2372 13977 20956.2 186351
99 173 21092 45709.0 325323
100 158 13063 19531.9 183922
101 315 14267 28258.0 149621
102 645 14503 26137.1 69094
103 348 21980 32276.8 111562
104 558 23069 30131.1 209785
105 264 23581 26630.5 329654
106 86 20512 34633.6 117243
107 388 33506 69192.1 351786
108 75 10312 21018.1 268911
109 213 50194 70857.6 254644
110 553 39420 71816.8 394646
111 153 16523 19259.5 48501
112 195 15583 21821.7 157272
113 154 19399 23042.5 55423
114 209 18763 35540.3 138318
116 253 20972 26318.3 72634
117 653 16232 40792.0 639415
118 103 20063 29442.1 85421
119 53 22092 20649.0 27326
120 3414 9813 16243.7 241971
121 395 18990 24983.4 79856
122 1808 23440 78599.6 368528
123 2884 22921 42343.4 145661
124 212 17412 18257.6 37568
125 1080 19259 37862.5 116583
126 2610 13162 29060.7 124089
127 128 22893 22683.0 43740
128 2484 21225 25350.2 65074
129 4909 21495 22540.4 57706
130 290 38071 54045.6 153924
131 3769 10212 14487.3 41912
132 2165 13542 28071.3 512728
133 631 10522 19922.8 68324
135 225 31142 33943.9 87486
136 78 25968 33953.2 292884
137 128 8196 28846.0 110604
138 189 18800 34505.1 126421
139 2272 24506 33982.0 158245
140 708 35429 59662.1 204319
141 2806 20830 32430.4 298852
142 68 11809 19884.9 77114
143 801 22891 35136.8 133120
144 4609 16762 27043.4 82075
145 1855 21437 26829.6 141795
146 407 8350 13302.7 46688
147 223 29935 52947.1 166322
148 560 33509 49402.0 142637
149 334 30329 40501.0 370127
150 1634 6591 8390.5 20312
151 316 22575 25033.3 56900
152 370 42251 51525.2 151658
153 475 17532 35010.0 266659
154 385 22506 35272.0 267513
155 2899 18290 31425.2 102027
156 232 30493 53311.0 336340
157 131 17513 17632.5 34635
158 5232 19936 25426.9 66606
159 189 16818 21364.5 214439
160 241 13942 20841.7 74621
161 127 30690 27966.7 61712
162 506 26889 40893.3 239586
163 4295 27448 45567.2 213735
164 174 25726 34349.0 102746
165 157 16570 21313.8 54019
166 58 38686 35784.2 78722
167 3138 17491 17068.0 37153
168 103 15641 18001.7 44164
169 354 19036 25229.0 125309
170 466 27334 49963.6 269867
171 278 45048 57992.7 161812
172 326 25825 36633.0 132579
173 1097 21134 32643.8 131146
174 84 15911 34088.0 216892
175 512 18748 26533.4 186492
176 120 17031 17824.3 35704
177 5330 16705 21845.6 53059
178 6327 15625 17040.7 33714
179 51 10610 15520.1 258681
180 57 12592 28501.9 207291
181 91 32298 32089.3 51856
182 1927 17314 51242.2 379272
183 141 18016 74449.0 785759
184 753 17972 38162.6 97101
185 1123 21007 30100.6 121687
186 404 29263 28699.8 70067
187 5760 14719 23387.8 70751
188 200 10203 14872.8 42205
189 404 17532 18506.4 39934
190 762 15279 29616.5 302802
191 2028 32902 57471.3 263078
192 167 32201 49244.5 174922
193 98 29735 37266.3 296160
194 876 13533 22916.4 55665
195 324 36922 49773.4 159286
196 2992 23046 47343.6 424988
197 168 35422 35841.3 93094
198 254 15157 58011.8 831421
199 76 25525 53548.2 633621
200 3171 10628 15755.4 201506
201 168 25803 26403.7 70629
202 2095 39906 56362.7 206410
203 2497 18714 19485.5 37981
204 99 11701 14837.0 38743
205 4634 19932 22413.7 48950
206 221 19616 26144.3 83107
207 105 17254 16185.5 32455
208 1039 15076 60796.0 538094
209 1931 22843 48310.1 177798
210 403 26216 32697.9 97901
211 197 12449 13620.9 29916
212 4771 17423 17715.2 34612
213 393 21187 36357.9 134948
214 318 23958 29765.2 70518
215 65 24506 24061.6 55869
216 2111 17099 23636.9 283000
217 1855 14007 43142.5 399029
218 2599 15503 21003.6 58591
219 131 25049 46978.6 226092
220 107 17098 19057.8 43365
221 174 15747 21212.3 65649
222 177 11091 10691.3 22097
223 380 27432 30248.1 75966
224 3113 22396 116349.7 1021573
225 63 25563 29002.1 64808
226 1386 18769 59138.2 744209
227 374 29931 46474.9 159057
228 693 14738 29171.5 131625
229 192 7779 8180.2 16866
230 109 19941 37592.4 127016
231 284 17471 26236.8 419348
232 500 30496 31374.8 76877
233 86 19572 29916.0 89375
234 2167 11589 12667.3 32291
235 164 15994 15764.7 27025
236 101 17567 20289.3 50585
237 228 32331 32680.2 79012
238 59 23547 32846.2 127636
239 3668 14621 71793.3 875659
240 6936 28425 27304.2 58604
242 1699 12445 13908.1 32973
243 338 22363 22402.5 41630
244 800 38783 47543.7 154249
245 4477 23620 35296.9 403644
246 98 30306 28881.4 53168
247 1404 15825 68841.1 489748
248 99 18801 21163.1 55594
249 1529 32010 56472.1 195348
250 5782 21044 21629.6 43370
251 119 31734 108587.5 1237746
252 4031 13375 70081.0 653250
253 2822 8366 51280.8 520595
254 207 19044 99061.6 1530200
255 151 23452 32634.1 114090
256 5407 24049 44887.8 154859
257 188 19022 22965.2 53604
258 1627 7857 20587.3 405724
259 2087 17679 65411.2 461388
260 75 37668 57006.0 230552
261 1192 15722 29225.4 109502
262 4496 14714 15302.0 33171
263 233 12741 22224.3 346668
264 2610 10055 10668.5 20397
265 2868 28270 26824.4 50986
266 354 32358 31489.0 70390
267 276 9287 12018.2 36548
268 3641 16045 19986.7 196911
269 1608 25390 45253.5 224593
270 347 20008 23685.4 62305
271 165 22477 50822.1 375688
272 1209 16733 29478.7 108748
273 225 26410 39725.9 154631
275 6389 22514 77451.8 690928
276 479 13646 31083.1 185038
277 94 18900 24828.5 324032
278 8457 25176 42992.5 132591
279 2425 26521 61880.8 528609
280 1053 34338 65533.5 228259
281 54 17299 19505.0 51087
282 1945 10639 15689.4 46873
283 62 12414 15382.3 34491
284 1165 26171 36280.3 318394
285 153 27336 29339.4 70162
286 365 23438 23394.4 41492
287 163 27157 54504.3 867250
288 471 30598 34426.7 108681
289 161 20995 30999.7 481225
290 400 9766 35060.6 482653
291 92 11411 25648.9 249963
292 1502 25954 31703.4 234095
293 2881 18409 25488.7 273561
294 396 29779 32478.9 85331
295 143 31083 30232.3 79263
296 671 17620 21367.6 41877
297 870 31449 52049.6 169880
298 3178 19211 30780.7 207884
299 209 21421 60397.7 528994
300 2226 13811 33267.9 397468
301 312 15308 19384.6 49263
302 2818 13388 21639.5 303880
304 264 23961 24700.1 50363
305 3045 16255 21376.5 219811
306 4945 12237 12609.7 22803
307 867 16025 41440.2 253488
308 188 30914 51582.2 345205
309 503 28577 28837.8 67265
310 2431 14274 19913.8 97717
311 1405 12459 16423.7 46660
313 2544 20691 46530.3 278528
314 343 23857 24478.5 60807
315 138 18441 20344.4 42008
316 86 30521 52440.7 166250
317 478 31947 32452.6 66973
319 7453 32020 31853.5 56450
320 3660 22145 23741.0 52800
321 82 24838 29922.6 93102
322 382 19995 33426.1 91381
323 93 24077 23218.2 39761
324 60 11442 10760.1 21745
325 165 13818 24193.0 288176
326 351 11295 26575.4 246514
327 638 50981 65729.9 208116
328 99 17845 38929.1 249164
329 364 35754 66475.7 572558
330 284 37798 39764.9 99160
331 1793 12975 32321.9 385935
332 264 21800 27212.2 63840
333 224 30291 62320.4 245415
334 293 33225 40657.5 244878
335 552 17428 30737.4 129088
336 146 19414 88103.1 625686
337 3348 20238 35046.9 113928
339 240 21395 24978.6 141356
340 242 16449 18218.2 51338
341 933 13213 42319.4 306305
342 1014 19339 37886.9 107491
343 2726 24249 39858.4 411309
344 415 21826 27057.6 267755
345 68 16913 19062.1 53591
346 1290 17303 61819.8 619229
347 3571 20330 21782.0 46796
348 5792 17067 23475.8 64028
349 1143 22134 37806.9 139239
350 330 34386 45865.6 420939
351 220 15907 17482.4 39977
352 257 16512 23410.0 122265
353 1345 9560 58039.4 672173
354 331 27479 47508.9 176564
355 71 20816 33563.1 161808
356 199 23084 23579.3 43938
357 105 14874 23752.6 72756
358 296 13548 29222.1 597743
359 1540 10428 18371.1 364370
360 185 18280 24267.8 53210
361 187 26086 26155.2 51467
362 99 62862 69898.2 411218
363 581 19323 33398.0 107875
364 196 19239 18282.5 37545
365 987 22865 28382.4 83010
366 1935 31868 38721.5 235483
367 76 30053 31138.6 71062
368 297 18369 31091.6 284523
369 146 8760 57745.9 368038
370 2034 14678 16236.2 38853
371 109 11964 23928.6 470196
372 1801 21419 21829.7 56626
373 5429 16499 22846.2 287007
374 3948 14234 17792.3 43906
375 5572 16669 17657.0 34467
376 2121 35413 48936.8 277694
377 64 13431 25347.4 90777
378 2285 28025 50390.8 192990
379 979 20957 55532.3 249858
380 55 26095 48408.3 187029
381 574 26212 38664.4 115453
382 69 24927 29953.8 71865
383 3361 10543 28848.0 198297
384 546 21387 29438.7 116772
385 540 18887 91080.1 824846
386 4066 13601 21931.2 266367
387 47 11872 27519.7 341461
388 2092 26047 26080.0 207581
389 1162 18098 35854.1 179440
390 2161 9842 12786.6 33113
391 89 22438 46602.9 165636
392 1252 17148 53868.7 222737
393 679 16428 28962.1 99601
394 97 14620 35347.0 137752
395 2949 12253 15565.2 37954
396 66 7420 18769.2 245597
397 147 11580 19125.8 371254
398 4655 10282 11794.2 27668
399 80 27521 37069.1 95553
400 93 14904 16463.0 39191
401 109 24800 24162.1 41596
402 2130 10703 16857.2 240274
403 3050 20292 21011.2 45911
404 638 23540 50758.1 362951
405 76 21785 32609.0 344793
406 2290 10190 13033.8 34581
407 321 8017 38552.8 391345
408 101 22422 21342.6 46117
409 3777 11272 42249.9 445523
410 123 14394 14005.0 25614
411 597 16379 24313.0 179483
412 2664 22880 52463.2 369929
413 380 16839 18983.7 40575
414 1971 10297 34176.7 666916
415 235 14453 15397.0 32021
416 3045 18246 23663.4 197113
417 160 23982 32350.5 81082
418 2278 18886 69914.7 260658
419 1251 53735 61035.6 333845
420 11523 24431 27994.9 58960
421 1246 31522 42727.2 134458
422 218 20169 21122.6 44783
423 371 16227 18189.0 45577
424 115 14906 18911.2 49561
425 431 19347 23694.8 64413
426 250 18322 41529.0 519626
427 7173 17074 19103.2 39475
428 1806 13681 35377.7 279358
430 3460 12939 16125.4 44533
431 382 25288 24622.8 51611
432 1 30080 31819.7 59628
433 2864 23228 28146.5 208244
434 4397 17284 38988.2 636434
435 4810 22891 22024.5 42749
436 2353 16524 83159.3 1150842
437 123 17817 20923.7 54860
438 89 36594 63157.2 149359
439 1844 11009 33515.2 133482
440 90 31560 50883.6 176547
441 1743 46175 45993.3 132459
442 1409 20361 28543.9 276115
443 263 17969 25555.5 75515
444 343 23162 32700.0 96590
445 2033 23919 43842.0 187839
446 85 23382 25887.4 168592
447 1568 8224 44154.4 241988
448 299 13926 17944.4 184101
449 59 9511 13092.3 37025
450 1557 11470 32019.6 406195
451 137 20293 27168.5 79966
452 59 15327 15658.8 38897
453 4675 13694 16304.4 37907
454 2526 15503 21583.8 281762
455 3571 12076 53112.3 759185
456 750 23834 32483.6 391856
457 107 19648 29411.5 116517
458 58 8972 20902.4 228367
459 4644 11750 14809.7 35847
460 161 17573 22540.6 66177
461 189 16247 19466.0 44339
462 195 36913 49645.2 160068
463 85 20301 21631.3 59378
464 152 12529 39412.3 245666
465 1024 13329 68254.8 493912
466 684 12583 27849.3 106095
467 3752 10625 10758.9 20501
468 768 22503 55129.7 322671
469 90 20379 35497.0 470916
470 130 19628 33997.9 328793
471 119 21529 25834.3 72894
472 552 27834 29296.4 80434
473 319 39870 38071.8 306069
474 219 15929 34915.2 420603
475 595 16830 39876.0 90960
476 152 10427 18377.7 131324
477 124 25931 44374.6 475067
478 877 25516 30485.0 175832
479 7092 27911 26554.9 49864
480 170 37577 42955.1 200182
481 741 19496 31161.4 222879
482 72 10457 16408.0 97337
483 245 35991 43685.0 150645
484 92 25644 31808.9 102779
485 176 13201 18134.3 196331
486 1972 17425 18752.3 49827
487 1642 16640 93937.0 310297
488 2215 20377 36029.5 231541
489 135 26250 46398.1 453978
490 2052 25439 24386.3 63393
491 1329 48484 56316.4 320231
492 1045 24736 38681.0 148009
493 88 19002 38414.4 322071
494 1218 25142 41563.1 202630
495 1930 25724 45215.0 220725
496 102 14757 17650.6 47353
497 188 20223 18742.8 47130
498 179 24323 42108.2 168084
499 69 27664 34109.3 186549
500 54 21826 28432.3 123107
501 290 15492 29028.9 494069
502 2602 10215 12518.8 34016
503 307 14689 18070.0 141822
504 1066 23016 35759.0 126713
505 3045 13700 20345.9 244925
506 2883 13575 17573.1 46676
507 3721 10777 19606.9 203442
508 260 15244 22726.8 73940
509 49 20735 19064.2 42123
510 1225 18648 40871.1 149188
511 427 31466 62946.3 502578
512 123 23206 31841.2 97890
513 1824 29177 47135.9 243381
514 493 16615 35388.3 167621
515 89 35789 38006.0 71671
516 462 18386 35397.5 124294
518 107 30132 38323.9 124032
519 2544 17368 22917.0 96266
520 4411 12307 13781.4 33138
521 2552 12036 27559.0 218590
522 228 27936 37241.2 116388
523 239 28630 36913.1 112785
524 3598 21286 23130.2 51888
525 675 49791 57950.8 175446
526 72 15763 24534.6 355241
527 127 12339 27092.0 266651
528 80 14798 25033.0 330536
529 1800 19017 32108.8 116833
530 79 11438 12279.0 28132
531 221 22524 39221.1 146655
532 156 28711 61977.2 229889
533 606 33797 38749.1 76013
534 97 19258 24991.7 245563
535 184 34924 37917.1 79949
536 4468 24764 25247.7 46059
537 4693 30193 37443.4 224418
538 162 32010 32890.9 78812
539 753 21874 29099.7 85458
540 99 27841 37513.6 111981
541 663 17646 44692.6 179374
542 8595 23074 46563.7 157000
543 64 21901 30595.5 164253
544 365 19629 67097.2 629959
545 53 29861 31655.0 96167
546 157 19995 23825.0 56785
547 152 31488 30791.7 52685
548 4323 33078 58060.8 276914
549 358 17999 19906.3 45296
550 126 40341 38026.2 232700
551 2161 17919 45369.2 572701
552 357 19696 31473.6 593579
553 403 14520 16285.6 41958
554 2261 13719 51537.9 556511
555 513 12064 26921.4 343793
556 107 21337 20211.9 38598
557 191 19057 22367.4 58419
558 2954 14622 17817.7 201142
559 1284 29220 59186.9 500942
560 416 34457 36801.9 91327
561 4732 26018 73472.7 529382
562 120 30001 41650.0 142661
563 6292 20815 54914.1 634983
564 168 23782 64799.5 320390
565 258 23409 38297.8 127334
566 399 34207 36945.9 130134
567 2388 15928 30013.8 371425
568 75 22715 61374.1 444467
569 374 12935 26392.6 231302
570 1346 16144 46204.7 690543
571 142 8557 13651.7 146557
572 79 15967 25210.0 74426
573 103 23302 59757.9 469338
574 173 27975 28419.2 53044
575 286 41289 52413.5 220077
576 236 15120 25431.9 270832
577 3633 18212 22255.6 57880
578 111 19558 20305.4 36903
579 111 21713 26229.6 276256
580 78 17697 19171.6 45512
581 174 20241 25634.5 136367
582 6746 25867 32165.2 81472
583 2533 16486 17599.9 43807
584 1863 15578 50783.4 347081
585 76 43699 37102.9 92252
586 78 27779 46514.3 200259
587 2556 13634 35028.7 333884
588 644 16713 28728.6 105634
589 50 15537 21074.6 198459
590 987 19761 28140.4 106382
591 163 13016 27264.4 226231
592 1833 13188 28203.1 147041
593 2131 13013 28632.9 324426
594 800 32487 46649.0 140220
595 343 23875 60620.6 249478
596 4439 18467 23802.0 262034
597 68 16987 25108.7 203197
598 1975 20472 62678.6 920272
599 6193 28553 30289.6 61667
600 102 15953 17400.5 37689
601 144 19698 22566.9 50219
602 4515 28203 28287.3 55077
603 2117 20757 26070.7 310804
604 104 21428 23603.5 63361
605 149 26308 28491.5 181664
606 479 26131 28031.2 65876
607 155 27280 25939.9 57910
608 245 17648 26596.4 370396
609 4554 24166 55068.7 793864
610 297 18945 20181.4 47751
611 538 9687 16944.2 58091
612 204 26054 26057.2 59770
613 111 30031 31917.2 80970
614 3647 15108 19076.0 212155
615 172 17465 19382.4 47300
616 171 37528 38919.3 138343
617 155 12452 22062.0 410590
618 1520 8830 15601.9 180030
619 3498 10198 55836.1 394254
620 282 35196 58544.8 519420
621 4538 27331 47349.7 152869
622 3868 12566 12565.0 23404
623 209 32652 52561.3 296373
624 8847 21882 27236.4 64754
625 193 23753 34218.1 489710
626 3120 13384 14982.5 32908
627 293 27365 23913.3 57012
628 395 19320 53033.8 562580
629 228 18484 55453.4 238157
630 2500 24191 30876.5 232538
631 1207 14275 15638.4 37740
632 666 23440 49489.5 201517
634 68 16264 21127.8 65122
635 207 15012 28548.1 137416
636 3196 13633 16475.8 41488
637 470 31746 33189.7 76545
638 1078 23709 38420.2 269195
639 567 18729 22400.0 124565
640 213 40080 37573.4 83295
641 187 9495 18851.4 198335
642 128 14234 44050.3 274638
643 275 24043 45732.4 233029
644 1549 11965 36371.2 284922
645 445 30878 38206.2 347029
646 272 23543 31423.8 90043
647 2470 10117 35391.3 495561
648 55 17893 36688.6 487391
649 155 13086 19079.2 59949
650 4870 14457 40942.4 163601
651 705 25971 45629.8 134414
652 3273 12947 24024.5 183577
653 165 20472 19855.5 39339
654 160 14142 18930.8 250375
655 462 36019 38397.5 230848
656 142 25453 27272.6 71278
657 694 25488 29365.4 71824
658 3399 16147 16803.5 36163
659 2683 11994 33862.1 414329
660 3383 14113 17603.1 52003
661 4642 17529 56671.8 368524
662 2532 15255 15486.6 37326
663 107 19552 47410.3 218700
664 621 26421 39070.8 156649
665 650 27180 60894.0 533554
666 57 47381 42181.2 266812
667 330 14010 20050.1 157727
668 149 30832 46679.8 143014
669 1322 18413 48404.4 154215
670 2507 18211 25076.1 194227
671 2106 11806 15193.3 44922
672 123 16686 30849.4 433005
673 529 26600 29098.3 77793
674 284 46177 42194.7 101024
675 337 13861 24000.2 269812
676 226 36265 37150.4 86835
677 477 24668 28333.0 85943
678 65 23086 22196.6 36317
679 2108 9992 27157.2 497670
680 445 20558 21455.1 53617
681 563 24187 22054.7 49982
682 4415 13720 16173.7 40149
683 3793 15978 22648.0 301080
684 360 28995 43539.4 148919
685 230 24823 31892.8 110969
686 1712 7674 24471.5 379794
687 764 17164 29665.1 151981
688 210 16916 22131.0 164092
689 1147 20424 43771.1 478088
690 635 18199 26534.1 79327
691 263 30193 47949.9 159382
692 104 20108 21132.3 52857
693 226 25573 35340.5 132552
694 1792 8965 14319.0 187116
695 143 24074 29041.4 75743
696 114 33226 37032.4 92180
697 216 12124 23983.8 295516
698 81 24629 25264.7 48270
699 586 26024 44472.8 148454
700 978 33276 42468.7 176114
701 339 27260 35595.0 232107
702 145 21436 35760.2 325377
703 55 15446 22056.4 183213
704 747 13743 36891.4 146337
705 1099 16955 45064.5 374772
706 169 30846 35754.1 197451
707 406 34027 40294.4 120970
708 190 32625 33564.9 93464
709 148 19488 25937.1 82617
710 129 14615 66782.3 968671
711 942 8459 10236.7 28228
712 250 29436 45132.4 136981
713 7902 25629 27504.5 62337
714 1053 15998 43686.8 329093
715 211 20773 24459.3 67299
716 1049 15427 37238.8 295000
717 80 26822 27578.0 69373
718 354 16919 23955.7 67391
719 151 26711 34686.9 105510
720 155 25094 39253.1 464589
721 252 26570 27871.1 62947
722 3624 15400 27006.0 307323
723 991 12240 34790.0 333902
724 139 33442 34992.6 75799
725 3638 14757 18013.8 46224
726 641 22674 25461.3 76475
727 100 10837 11580.8 22508
728 91 17666 21243.1 137435
729 2661 8916 20000.5 277563
730 4031 18577 25654.2 76447
731 2641 18863 28409.9 232474
732 2357 19200 23729.2 68687
733 297 23195 27165.0 62203
734 590 21300 45712.3 291161
735 211 8375 26405.9 352806
736 265 19185 25739.5 78967
737 962 35183 55006.4 381489
738 191 25170 60685.1 232276
739 6607 24485 25135.3 47122
740 432 24967 29394.7 76232
741 166 21480 19091.8 46265
742 187 21527 34605.2 115253
743 6505 20519 24263.7 60481
744 375 25951 37306.2 115103
745 377 19138 26746.9 207724
746 149 46383 60705.0 339161
747 4360 13735 17040.7 43710
748 93 18528 25740.0 74872
749 107 20103 23449.6 61693
750 1362 16131 46856.9 503413
751 2191 30721 37461.7 363086
752 488 17031 52390.6 649297
753 188 16871 19258.7 46426
754 492 23485 28146.0 78544
755 68 25902 37161.0 400551
756 141 32197 67120.1 380337
757 591 18876 26704.0 96528
758 60 18168 35867.1 418193
759 5551 23895 33692.0 193690
760 213 12470 25064.2 446621
761 4110 17486 22856.6 62740
762 59 21524 46152.3 374486
763 442 26456 30744.5 92367
764 283 14126 38047.7 141478
765 339 27660 64928.4 728861
766 426 16280 28641.7 78474
767 2645 23112 37029.3 308158
768 116 11389 27349.3 253823
769 64 27175 26957.7 58200
770 3412 17499 71774.2 789984
771 98 15002 13532.7 26765
772 593 21001 36145.3 121545
773 573 18273 37114.9 109399
774 4448 12172 18789.8 57207
775 285 19721 36650.9 292548
776 135 25485 41487.8 566900
777 2075 14324 29820.9 610238
778 3595 13776 28013.7 520198
779 87 35302 35535.9 72183
780 1168 19356 70315.7 906422
781 208 25368 57518.0 656255
782 560 20068 29393.3 216437
783 642 23597 46705.9 383785
784 98 22593 24351.7 53540
785 49 29833 39094.6 378754
786 149 15625 18539.2 40311
787 4370 13392 19263.7 57999
788 79 26189 23454.8 103135
789 64 22253 25767.8 71791
790 359 25989 84899.7 1035868
791 330 22660 23604.2 47864
792 1111 24257 36559.8 118483
793 5406 20253 21073.9 43431
794 1618 7113 14596.1 167808
795 8796 18949 22643.0 49245
796 498 27463 25717.8 59443
797 99 20228 35065.6 393148
798 951 25167 38798.2 130992
799 183 32445 68169.3 1179196
800 796 21118 34026.4 125113
801 2284 9088 11096.4 25272
802 472 26895 43353.9 104127
803 162 30218 33385.8 79997
804 195 24539 27345.4 66081
805 67 22418 31489.9 314407
806 238 20103 20122.8 43315
807 947 30452 42971.6 193042
808 53 20699 22151.0 46989
809 431 20273 71037.7 572167
810 1911 20858 59277.4 324540
811 173 15046 23301.7 72496
812 171 8743 15289.0 47575
813 147 16486 20024.8 56228
814 4189 15359 14672.6 28250
815 2249 25533 69859.9 333310
816 234 29228 57061.0 241152
817 1274 14136 25196.8 208599
818 3472 9101 14406.4 42509
819 2827 29383 26315.1 72375
820 4584 19733 35949.0 385551
821 7304 19773 19793.4 33918
822 5294 14806 15967.3 31991
823 161 27413 46990.0 156892
824 454 13988 16452.8 41301
825 719 26152 83611.9 818220
826 82 19493 30186.3 110367
827 180 14812 18614.4 49546
828 246 37040 61730.0 269489
829 313 10678 13546.6 35090
830 350 16899 43859.5 478294
831 8758 32244 95138.0 1168033
832 1562 19147 32697.6 180495
833 117 18619 37813.9 426294
834 483 18860 40701.7 158327
835 1455 23300 34973.0 136381
836 4419 14513 14884.2 27282
837 3391 20282 35439.5 266025
839 344 10952 24209.9 98003
840 357 39641 46370.5 133258
841 945 19043 33329.6 131623
842 210 21184 32152.5 89871
843 2364 14126 23427.5 254462
844 379 36051 54083.4 152017
845 67 15060 48770.4 371631
846 415 45782 50557.7 187820
847 69 24994 31487.8 86934
848 223 21102 29785.4 222091
849 548 25002 44231.6 350966
850 2222 12297 21084.2 152947
851 106 25485 44955.7 438822
852 1569 47382 66670.4 263915
853 4271 16984 20059.2 48892
854 3043 7988 23986.4 312042
855 403 33555 33122.5 91375
856 63 13642 18841.6 208265
857 3133 9788 25710.4 96388
858 57 23278 23798.6 58682
859 276 23859 47124.2 172479
860 83 11013 27679.2 415977
861 73 24818 34312.5 297509
863 3328 34224 54499.3 204071
864 294 35403 35549.1 354901
865 4974 15955 26396.9 83483
866 696 18944 28833.3 122337
868 3220 24944 38604.2 386486
869 169 11572 16801.2 165094
870 796 32136 93641.4 823734
871 230 51873 50639.3 148970
872 446 16966 35641.8 344369
873 486 31224 34864.0 85554
875 464 23915 36069.5 123176
876 4195 22583 23486.4 41290
877 451 24920 27824.9 154442
878 5307 38460 51256.0 166031
879 2848 10740 57786.6 709243
880 121 17047 26489.8 380291
881 5233 24882 34694.0 96490
882 156 17752 24917.7 245363
883 193 40599 66086.5 233809
884 229 13851 23642.6 242747
885 650 19889 35559.0 116293
886 200 33483 35392.6 77050
887 1509 13237 34687.6 553206
888 196 19346 25578.8 67333
889 41 19384 39569.6 142262
890 171 30259 29190.1 58861
891 125 30832 58932.8 235322
892 141 19186 29036.2 282152
893 54 15346 20060.8 51394
894 267 33315 33598.2 63361
895 306 21595 39740.3 574912
896 287 29154 33090.3 109490
897 331 15136 20347.6 75272
898 3169 12921 21962.9 69451
899 124 22571 26315.6 63701
900 955 26012 36718.7 111121
901 3418 22748 23220.0 51004
902 129 15369 20274.7 52440
903 680 11559 25641.0 85047
904 2194 16049 40631.3 294717
905 1568 25296 57694.4 275755
906 49 20899 38914.9 179688
907 144 22946 29914.2 344852
908 1452 15477 45678.0 662936
909 530 17722 56242.8 714883
910 140 24063 29390.1 84661
911 154 15800 22142.4 68579
912 2992 13811 14195.4 23825
913 1503 16307 35722.6 175467
914 204 16203 19723.9 51220
915 4082 14178 15757.7 36339
916 2736 10791 39068.6 285702
917 44 23945 44138.4 166037
918 334 35062 40436.8 392746
919 693 24150 46094.4 158853
920 278 23831 27177.5 79399
921 3739 20376 20235.0 50103
922 1806 14431 19839.4 224669
923 445 39664 33249.1 79043
924 104 20896 57746.0 639844
926 202 24536 24402.6 63764
927 83 13401 28404.1 131498
928 408 14047 34855.0 133492
929 1192 14667 46171.9 259191
930 620 33525 55044.8 205782
931 227 29055 38631.9 105086
932 867 34401 38793.8 105874
934 182 21322 45416.6 281161
935 129 12752 23380.5 322317
936 80 27961 37541.2 104857
937 677 18010 71274.4 442034
938 368 15176 28566.9 104009
939 202 15149 15661.4 28211
940 5300 9018 10827.2 22097
941 543 18435 59678.4 756791
942 112 14232 15912.6 37311
943 1809 20842 82267.8 679228
944 993 34627 71813.2 305753
945 885 18672 29153.0 96540
946 180 21590 24853.3 56021
947 194 29142 45424.3 156398
948 2759 18193 63017.6 413549
949 2103 12887 30623.1 330523
950 369 17608 62172.8 710049
951 1789 13513 18517.8 136030
952 138 20545 45373.9 635860
953 1359 14032 39617.6 228966
954 72 16213 50319.1 386394
955 6517 19435 19387.9 38423
956 679 17820 41891.2 492437
957 2935 27852 38614.5 200184
958 288 32247 65694.4 427793
959 960 10878 83511.1 599062
960 4327 20030 30021.5 88507
961 159 15527 17886.7 45043
962 2176 11925 34112.5 312472
963 85 18360 16819.0 51972
964 2524 17072 28836.5 99411
965 3285 13857 24683.6 349103
966 293 22107 36156.9 122994
967 131 10297 14871.2 46500
968 1743 19366 37047.2 139976
969 1271 17340 43434.9 194268
970 80 14620 17936.3 51193
971 2101 24846 24073.2 51425
972 641 18029 29629.2 160610
973 330 16797 32527.8 115827
974 240 26205 51974.2 259793
975 437 26557 44021.2 516110
976 179 25634 51248.7 753297
977 1912 18406 18538.5 40434
978 1208 22406 53138.2 460128
979 309 31012 44648.4 212558
980 2580 20746 22164.6 48070
981 96 23933 26466.0 134894
982 89 36963 67510.9 260447
983 1220 9732 23490.8 386393
984 4052 10439 10850.7 21021
985 64 29583 37362.4 102873
986 377 21382 21676.2 72910
988 292 12082 28929.7 109565
989 496 25387 40520.1 306284
990 204 35774 35318.0 73678
991 123 39499 52869.5 175297
992 547 58977 84028.6 479039
993 361 27725 29390.9 66207
994 2873 22145 30976.5 89909
995 79 15170 30922.3 114964
996 2997 17747 36127.8 287834
997 220 17006 61913.3 252732
998 297 21779 42423.5 147860
999 166 17254 17403.6 33725
